0.2  0.023572  5.30899e-05  0.139189  0.000319942 0.169523  0.00021687  0.332935  0.000281109  0.852774  7.77428e-05 0.000736514  2.11877e-06 1.43172  0.00361317 0.996053  0.00216702  1.30689  0.00342843
0.4  0.019846  5.69008e-05  0.117415  0.000393392 0.169453  0.000222122  0.320268  0.000358143  0.852848  8.20159e-05 0.00074924  1.81985e-06 1.61615  0.00545151 0.903694  0.00179008  1.1744  0.00357349
0.6  0.0176197  5.32525e-05  0.104222  0.000372247 0.169548  0.000222271  0.311855  0.000371004  0.852848  7.97204e-05 0.000747886  1.48546e-06 1.76478  0.00580027 0.856759  0.00155485  1.09941  0.00337985
0.8  0.0159187  5.30672e-05  0.0942066  0.000371529 0.16954  0.000222332  0.304825  0.000383261  0.852848  8.20925e-05 0.000745806  1.33622e-06 1.88991  0.00603646 0.823066  0.00138945  1.04375  0.00322
1  0.014757  5.246e-05  0.087349  0.000363995 0.169538  0.000223132  0.299696  0.00039393  0.852859  8.03683e-05 0.000739508  1.20275e-06 1.98089  0.00634355 0.801139  0.00133622  1.00614  0.00315888
1.2  0.0137135  5.09906e-05  0.0811497  0.000352572 0.169611  0.000223182  0.294797  0.000393908  0.852861  8.18065e-05 0.000735639  1.10991e-06 2.07601  0.00667924 0.781042  0.0012458  0.972432  0.00301343
1.4  0.0130249  4.93159e-05  0.0771713  0.000341471 0.169429  0.000223124  0.291243  0.000404239  0.852831  8.05601e-05 0.000728989  1.04807e-06 2.13216  0.00637523 0.76734  0.00122659  0.949307  0.0030083
1.6  0.0123146  4.67797e-05  0.0728723  0.000323197 0.169632  0.000221768  0.287348  0.000394764  0.852854  8.11635e-05 0.000724793  9.28938e-07 2.19045  0.00617372 0.753081  0.00116704  0.924138  0.00283386
1.8  0.011805  4.75698e-05  0.0699669  0.000326297 0.169405  0.000224595  0.284603  0.000410328  0.852835  8.16296e-05 0.000718606  9.19292e-07 2.23691  0.00645216 0.743088  0.00117604  0.908024  0.00289726
2  0.0112925  4.43483e-05  0.0667792  0.000304892 0.169768  0.000221164  0.281244  0.000392983  0.852885  8.02072e-05 0.000714819  8.25298e-07 2.29027  0.00635929 0.73136  0.00111421  0.887007  0.00268687
2.2  0.0108842  4.70142e-05  0.0645772  0.000320791 0.169282  0.000222722  0.279195  0.000411821  0.852795  8.1919e-05 0.000709729  8.5426e-07 2.32992  0.00686327 0.723983  0.00109921  0.877068  0.00276094
2.4  0.0104993  4.23336e-05  0.0620969  0.00029017 0.169756  0.000220806  0.276319  0.000391178  0.852883  7.96713e-05 0.000705658  7.45892e-07 2.36598  0.00644858 0.716232  0.00107585  0.858548  0.00258943
2.6  0.0101382  4.50118e-05  0.0601376  0.000306298 0.169347  0.000223735  0.274433  0.000413841  0.852818  8.23806e-05 0.000701687  7.91792e-07 2.40935  0.00696286 0.709453  0.00107435  0.850217  0.0026786
2.8  0.00986336  4.0818e-05  0.0583463  0.000277691 0.16973  0.000221841  0.27196  0.000389419  0.852882  7.904e-05 0.000697707  6.90428e-07 2.4351  0.00676152 0.700118  0.0010402  0.835288  0.0025106
3  0.00954821  4.36705e-05  0.0566411  0.000295555 0.169343  0.000222253  0.270368  0.000410795  0.852809  8.26025e-05 0.000694422  7.4481e-07 2.47171  0.00685954 0.696669  0.00104375  0.828701  0.00257725
3.2  0.00932314  4.04791e-05  0.0551661  0.000274741 0.169731  0.000222613  0.268146  0.000393301  0.852881  7.92338e-05 0.000690482  6.69e-07 2.49582  0.0068848 0.689947  0.00103138  0.81524  0.00244853
3.4  0.00904805  4.16352e-05  0.0536483  0.000280088 0.169406  0.000222401  0.266585  0.000405634  0.852814  8.25225e-05 0.000687377  6.81163e-07 2.53086  0.00684986 0.684519  0.00102579  0.808992  0.00249079
3.6  0.00889809  3.90713e-05  0.0526677  0.000264362 0.169688  0.000224399  0.264876  0.000393828  0.852872  8.0069e-05 0.000683211  6.29553e-07 2.54273  0.00679576 0.680821  0.00103512  0.798604  0.00240438
3.8  0.00865695  4.09383e-05  0.0513378  0.000276032 0.16942  0.000220255  0.263583  0.000402189  0.852831  8.17018e-05 0.000680078  6.43929e-07 2.57121  0.00697387 0.677334  0.00101642  0.793627  0.00240716
4  0.00849991  3.87173e-05  0.0503347  0.000260063 0.169611  0.000223683  0.261932  0.00039607  0.852867  7.99913e-05 0.000677138  6.10174e-07 2.59048  0.00671563 0.671488  0.00101367  0.784823  0.00237346
4.2  0.00830427  3.88085e-05  0.0492113  0.000260974 0.169526  0.000222581  0.260283  0.000397561  0.852846  8.21546e-05 0.000674739  6.15105e-07 2.60415  0.00671487 0.66665  0.00101984  0.777102  0.00233772
4.4  0.00818966  3.83618e-05  0.0485375  0.000258549 0.169523  0.000222973  0.259359  0.000396531  0.852848  7.99955e-05 0.000670806  5.96883e-07 2.61786  0.00674939 0.66573  0.00100123  0.772153  0.00232559
4.6  0.00799595  3.85711e-05  0.0473708  0.000258457 0.169598  0.000222116  0.257789  0.000394327  0.852863  8.20801e-05 0.000668709  5.94434e-07 2.64422  0.00673574 0.661164  0.0010163  0.764843  0.00226659
4.8  0.00790827  3.85021e-05  0.0470209  0.000255403 0.168871  0.00020075  0.257389  0.000382111  0.852571  7.74026e-05 0.000666227  6.05581e-07 2.67449  0.00725576 0.656359  0.000999174  0.76464  0.00224544
5  0.00761054  4.19407e-05  0.0452677  0.000277762 0.169008  0.000214116  0.255729  0.000414749  0.852688  8.73097e-05 0.000664979  6.67227e-07 2.7205  0.00844747 0.656739  0.00105152  0.7582  0.00233218
5.2  0.00752522  4.17394e-05  0.0447596  0.000276086 0.169008  0.000214116  0.254464  0.000415497  0.852688  8.73097e-05 0.000662353  6.60776e-07 2.7247  0.00824141 0.651569  0.00105185  0.752826  0.00231284
5.4  0.00740179  3.90883e-05  0.0440177  0.000259921 0.169008  0.000214116  0.25338  0.000413235  0.852688  8.73097e-05 0.000660278  6.15279e-07 2.73219  0.00667119 0.649985  0.00106137  0.747789  0.00230293
5.6  0.0073215  4.11148e-05  0.0435507  0.000270864 0.169008  0.000214116  0.252154  0.000414273  0.852688  8.73097e-05 0.000657744  6.3497e-07 2.72777  0.00834459 0.645428  0.00106331  0.742039  0.00228008
5.8  0.00716063  4.08432e-05  0.0425979  0.000269339 0.169008  0.000214116  0.251183  0.000414845  0.852688  8.73097e-05 0.000655873  6.65005e-07 2.78478  0.00847608 0.642992  0.00108495  0.738462  0.00225578
6  0.00707303  4.09153e-05  0.0420804  0.000269697 0.169008  0.000214116  0.250278  0.000414572  0.852688  8.73097e-05 0.00065283  6.47383e-07 2.78739  0.00838908 0.642034  0.00106987  0.733943  0.00223002
