2.9999499999999983 1.0 1.0 1.0
10.925889934467232 0.659566875 0.725016875 0.74838625
18.851829868934466 0.52349 0.610584375 0.6464025
26.777769803401696 0.451644375 0.550744375 0.594169375
34.703709737868934 0.399179375 0.5079275 0.557638125
42.629649672336164 0.354454375 0.47380375 0.527854375
50.555589606803395 0.314768125 0.4435575 0.500714375
58.48152954127063 0.28079875 0.415605625 0.47720625
66.40746947573786 0.250384375 0.38991875 0.454736875
74.33340941020509 0.22471625 0.36596125 0.434703125
82.25934934467233 0.203135625 0.3444025 0.4171675
90.18528927913957 0.185548125 0.323231875 0.400240625
98.11122921360679 0.17086125 0.305586875 0.385695
106.03716914807403 0.15970375 0.28943375 0.371536875
113.96310908254127 0.15165125 0.278315625 0.360520625
121.88904901700849 0.1438825 0.26585875 0.350826875
129.81498895147573 0.13729125 0.255274375 0.341048125
137.74092888594294 0.13045 0.24559125 0.33251875
145.66686882041017 0.124719375 0.236640625 0.324834375
153.5928087548774 0.1185025 0.2278625 0.317385
161.51874868934465 0.1131725 0.22028 0.310768125
169.44468862381189 0.108151875 0.21355875 0.30373625
177.37062855827912 0.10271625 0.207351875 0.2972025
185.29656849274636 0.09912375 0.201214375 0.2904275
193.2225084272136 0.09621125 0.19518125 0.284204375
201.14844836168083 0.092565625 0.189158125 0.27817
209.07438829614807 0.088315 0.183553125 0.2726725
217.0003282306153 0.083875625 0.178624375 0.26762
224.92626816508255 0.080520625 0.174960625 0.26175625
232.85220809954973 0.077016875 0.17021375 0.25548
240.77814803401697 0.0734925 0.1656775 0.249964375
248.7040879684842 0.070706875 0.16145875 0.244480625
256.63002790295144 0.06792625 0.157313125 0.239556875
264.5559678374187 0.065435625 0.15313125 0.234695625
272.4819077718859 0.0616025 0.1473225 0.2300225
280.40784770635315 0.05940875 0.141643125 0.22642375
288.3337876408204 0.05709125 0.136873125 0.222014375
296.2597275752876 0.0557025 0.13195625 0.21725625
304.18566750975486 0.05447625 0.126858125 0.2122625
312.1116074442221 0.053778125 0.12332 0.20795875
320.03754737868934 0.052998125 0.1196775 0.20326625
327.9634873131566 0.05178875 0.116850625 0.19990875
335.8894272476238 0.05029375 0.11408 0.196660625
343.81536718209105 0.048741875 0.11186375 0.1926475
351.7413071165583 0.04793625 0.109925 0.188926875
359.66724705102547 0.047203125 0.107644375 0.18575875
367.5931869854927 0.04653875 0.105670625 0.183249375
375.51912691995994 0.04601375 0.10401125 0.17975625
383.4450668544272 0.04555375 0.101978125 0.176925625
391.3710067888944 0.0449825 0.0998475 0.17435
399.29694672336166 0.044385 0.09789875 0.17208
407.2228866578289 0.043951875 0.096026875 0.17001625
415.14882659229613 0.043540625 0.094585625 0.167165
423.07476652676337 0.04327375 0.093143125 0.164774375
431.0007064612306 0.0430425 0.09167125 0.16252375
438.92664639569784 0.042773125 0.090608125 0.1603975
446.8525863301651 0.0425725 0.089315625 0.158156875
454.7785262646323 0.042420625 0.088205625 0.15645625
462.7044661990995 0.042233125 0.08710625 0.154544375
470.63040613356674 0.042065 0.086 0.15219
478.556346068034 0.0417375 0.085016875 0.14997625
486.4822860025012 0.041308125 0.08382625 0.147986875
494.40822593696845 0.040945625 0.082874375 0.145770625
502.3341658714357 0.04067875 0.082003125 0.1435975
510.2601058059029 0.040503125 0.08133375 0.141968125
518.1860457403701 0.040365625 0.080530625 0.14044625
526.1119856748373 0.04019875 0.079895625 0.138510625
534.0379256093046 0.040016875 0.07942875 0.136738125
541.9638655437718 0.039905625 0.079071875 0.13497625
549.889805478239 0.039570625 0.078528125 0.13262375
557.8157454127063 0.039205625 0.0780275 0.1307575
565.7416853471735 0.0390175 0.07750625 0.12960125
573.6676252816408 0.038935 0.07709875 0.128413125
581.593565216108 0.0388925 0.07666625 0.127291875
589.5195051505752 0.038854375 0.076315 0.1252
597.4454450850425 0.038784375 0.075908125 0.123519375
605.3713850195097 0.038738125 0.07533125 0.121880625
613.297324953977 0.0386875 0.074794375 0.120596875
621.2232648884442 0.0386875 0.074455 0.11906125
629.1492048229114 0.038669375 0.074188125 0.117300625
637.0751447573787 0.038659375 0.07384 0.115681875
645.0010846918459 0.038659375 0.073406875 0.1143475
652.9270246263131 0.03864 0.073005 0.112971875
660.8529645607804 0.038525625 0.07261875 0.111391875
668.7789044952476 0.037170625 0.0720725 0.10989875
676.7048444297149 0.03683375 0.070429375 0.108076875
684.6307843641821 0.0366975 0.06878125 0.1067675
692.5567242986493 0.03658 0.06827625 0.1057025
700.4826642331166 0.036530625 0.067638125 0.104911875
708.4086041675838 0.036520625 0.067215 0.103864375
716.3345441020509 0.036515 0.066736875 0.102499375
724.2604840365182 0.036514375 0.0657475 0.10153125
732.1864239709854 0.036504375 0.06412625 0.100678125
740.1123639054526 0.036474375 0.063126875 0.099640625
748.0383038399199 0.035863125 0.06266125 0.098479375
755.9642437743871 0.03508125 0.06225875 0.097770625
763.8901837088544 0.03477375 0.06138375 0.097248125
771.8161236433216 0.034460625 0.060663125 0.09681125
779.7420635777888 0.034191875 0.060528125 0.096425
787.6680035122561 0.03388625 0.059665 0.09579875
795.5939434467233 0.03348875 0.058708125 0.09484
803.5198833811905 0.032793125 0.058450625 0.093891875
811.4458233156578 0.032380625 0.057595625 0.09337875
819.371763250125 0.031938125 0.05721875 0.09250625
827.2977031845923 0.03104 0.056510625 0.092079375
835.2236431190595 0.030174375 0.056225625 0.091488125
843.1495830535267 0.029265625 0.055535 0.091016875
851.075522987994 0.02836875 0.054406875 0.0900875
859.0014629224612 0.027350625 0.054243125 0.089600625
866.9274028569284 0.026749375 0.054035625 0.089134375
874.8533427913957 0.026110625 0.053900625 0.088586875
882.7792827258629 0.0254825 0.053680625 0.088025
890.7052226603302 0.024926875 0.053568125 0.0872
898.6311625947974 0.024175625 0.05338125 0.086515
906.5571025292646 0.023299375 0.053115 0.08588625
914.4830424637319 0.022390625 0.052445625 0.08540375
922.408982398199 0.02156125 0.051755 0.08487625
930.3349223326662 0.02086125 0.05103125 0.084488125
938.2608622671335 0.02032 0.050656875 0.0840825
946.1868022016007 0.019845625 0.05043875 0.083735
954.1127421360679 0.01938625 0.050291875 0.083109375
962.0386820705352 0.0189575 0.04956875 0.082203125
969.9646220050024 0.01793375 0.048893125 0.081561875
977.8905619394696 0.01729625 0.048235625 0.080778125
985.8165018739369 0.016050625 0.048091875 0.080220625
993.7424418084041 0.01571 0.04798375 0.079404375
1001.6683817428714 0.014853125 0.047944375 0.078445625
1009.5943216773386 0.014475625 0.04733 0.07796875
1017.5202616118058 0.013618125 0.047255625 0.07771125
1025.446201546273 0.01342125 0.047215 0.077521875
1033.37214148074 0.012690625 0.0472025 0.07733625
1041.2980814152074 0.012426875 0.04718375 0.077160625
1049.2240213496746 0.011809375 0.046051875 0.07689625
1057.149961284142 0.011529375 0.045425625 0.07653625
1065.075901218609 0.01084875 0.045345 0.0762325
1073.0018411530764 0.010645 0.045276875 0.075571875
1080.9277810875435 0.009570625 0.045254375 0.074948125
1088.8537210220109 0.0093225 0.04524375 0.07460375
1096.779660956478 0.00903 0.04523375 0.07426625
1104.7056008909453 0.007378125 0.04523125 0.0738975
1112.6315408254125 0.007273125 0.044614375 0.07362125
1120.5574807598798 0.007196875 0.044548125 0.0728775
1128.483420694347 0.007155625 0.043353125 0.072139375
1136.4093606288143 0.007044375 0.04197 0.07163875
1144.3353005632814 0.0069625 0.04187 0.07122
1152.2612404977488 0.006438125 0.04174125 0.070951875
1160.1871804322159 0.0064175 0.04165375 0.070726875
1168.1131203666832 0.006309375 0.041605 0.07035
1176.0390603011504 0.006231875 0.041584375 0.070038125
1183.9650002356177 0.005666875 0.04157125 0.06976125
1191.8909401700848 0.005533125 0.041564375 0.069553125
1199.8168801045522 0.005444375 0.040908125 0.069353125
1207.7428200390193 0.004873125 0.040804375 0.068958125
1215.6687599734867 0.004846875 0.0407275 0.068584375
1223.5946999079538 0.00482375 0.040654375 0.068353125
1231.520639842421 0.004814375 0.040600625 0.0682225
1239.4465797768883 0.004811875 0.04056 0.068151875
1247.3725197113554 0.004810625 0.0405225 0.06806625
1255.2984596458227 0.004810625 0.0403975 0.067423125
1263.2243995802899 0.004810625 0.04021 0.067374375
1271.1503395147572 0.004810625 0.039466875 0.067358125
1279.0762794492243 0.004810625 0.039175625 0.06672875
1287.0022193836917 0.004810625 0.038965625 0.06656125
1294.9281593181588 0.004810625 0.038699375 0.0663925
1302.8540992526262 0.004810625 0.03860375 0.0661275
1310.7800391870933 0.004810625 0.038565625 0.06574375
1318.7059791215606 0.004810625 0.03854625 0.065564375
1326.6319190560278 0.004810625 0.03849375 0.064874375
1334.557858990495 0.004810625 0.03843375 0.06421125
1342.4837989249622 0.004810625 0.038353125 0.064103125
1350.4097388594296 0.004810625 0.03830875 0.0638925
1358.3356787938967 0.004810625 0.03827625 0.06360375
1366.261618728364 0.004810625 0.038253125 0.0632475
1374.1875586628312 0.004810625 0.038240625 0.06294375
1382.1134985972985 0.004810625 0.037871875 0.06232875
1390.0394385317657 0.004810625 0.03744 0.061596875
1397.965378466233 0.004810625 0.03736 0.061359375
1405.8913184007001 0.004810625 0.03729625 0.061080625
1413.8172583351675 0.004810625 0.037253125 0.06085875
1421.7431982696346 0.004810625 0.03720875 0.060610625
1429.6691382041017 0.004810625 0.03718375 0.060379375
1437.595078138569 0.004810625 0.0371675 0.059630625
1445.5210180730362 0.004810625 0.0371575 0.059309375
1453.4469580075036 0.004810625 0.03714375 0.059093125
1461.3728979419707 0.004810625 0.037143125 0.058871875
1469.298837876438 0.004810625 0.037143125 0.058665625
1477.2247778109052 0.004810625 0.037143125 0.058071875
1485.1507177453725 0.004810625 0.037143125 0.058008125
1493.0766576798396 0.004810625 0.037143125 0.05788
1501.002597614307 0.004810625 0.037143125 0.057735625
1508.928537548774 0.004810625 0.037143125 0.057459375
1516.8544774832415 0.004810625 0.037143125 0.0565925
1524.7804174177086 0.004810625 0.037143125 0.056230625
1532.706357352176 0.004810625 0.037135625 0.055798125
1540.632297286643 0.004810625 0.03713375 0.055574375
1548.5582372211104 0.004810625 0.03710125 0.054375
1556.4841771555775 0.004810625 0.037030625 0.05342375
1564.4101170900449 0.004810625 0.036989375 0.05298
1572.336057024512 0.004810625 0.036956875 0.052734375
1580.2619969589794 0.004810625 0.03693375 0.051330625
1588.1879368934465 0.004810625 0.03691375 0.050675625
1596.1138768279138 0.004810625 0.036888125 0.050248125
1604.039816762381 0.004810625 0.036863125 0.04980625
1611.9657566968483 0.004810625 0.036848125 0.049684375
1619.8916966313154 0.004810625 0.03683625 0.049595625
1627.8176365657825 0.004810625 0.036835 0.049358125
1635.74357650025 0.004810625 0.0368325 0.049123125
1643.669516434717 0.004810625 0.036831875 0.0490525
1651.5954563691844 0.004810625 0.036831875 0.049009375
1659.5213963036515 0.004810625 0.036831875 0.048963125
1667.4473362381189 0.004810625 0.036831875 0.048906875
1675.373276172586 0.004810625 0.036831875 0.04882375
1683.2992161070533 0.004810625 0.036831875 0.048735625
1691.2251560415204 0.004810625 0.036831875 0.0481475
1699.1510959759878 0.004810625 0.036831875 0.047924375
1707.077035910455 0.004810625 0.036831875 0.047728125
1715.0029758449223 0.004810625 0.036831875 0.0475875
1722.9289157793894 0.004810625 0.036831875 0.04746375
1730.8548557138568 0.004810625 0.036831875 0.04682375
1738.7807956483239 0.004810625 0.036831875 0.04675875
1746.7067355827912 0.004810625 0.036831875 0.046636875
1754.6326755172583 0.004810625 0.036831875 0.045819375
1762.5586154517257 0.004810625 0.036831875 0.045131875
1770.4845553861928 0.004810625 0.036831875 0.04496375
1778.4104953206602 0.004810625 0.036831875 0.044875625
1786.3364352551273 0.004810625 0.036831875 0.04472625
1794.2623751895946 0.004810625 0.036831875 0.044621875
1802.1883151240618 0.004810625 0.036831875 0.044571875
1810.1142550585291 0.004810625 0.036831875 0.044496875
1818.0401949929962 0.004810625 0.036831875 0.043955625
1825.9661349274636 0.004810625 0.036831875 0.043931875
1833.8920748619307 0.004806875 0.036831875 0.04386875
1841.8180147963978 0.004721875 0.036831875 0.043815
1849.7439547308652 0.004638125 0.036831875 0.043793125
1857.6698946653323 0.004540625 0.036831875 0.043781875
1865.5958345997997 0.00449 0.036831875 0.04324375
1873.5217745342668 0.004466875 0.036831875 0.0432275
1881.4477144687341 0.004455 0.036831875 0.042640625
1889.3736544032013 0.004445625 0.036831875 0.042601875
1897.2995943376686 0.004443125 0.036831875 0.0425375
1905.2255342721357 0.00437625 0.036831875 0.041854375
1913.151474206603 0.004291875 0.036831875 0.041194375
1921.0774141410702 0.00421625 0.036831875 0.041088125
1929.0033540755376 0.0041425 0.036831875 0.04098125
1936.9292940100047 0.004115 0.036831875 0.040925
1944.855233944472 0.00408625 0.036831875 0.04067875
1952.7811738789392 0.004074375 0.036831875 0.04057
1960.7071138134065 0.00406625 0.036831875 0.039818125
1968.6330537478736 0.00405875 0.036831875 0.03970125
1976.558993682341 0.004058125 0.036831875 0.039599375
1984.4849336168081 0.004058125 0.036831875 0.039573125
1992.4108735512755 0.0040575 0.036831875 0.039564375
2000.3368134857426 0.0040575 0.036831875 0.039010625
2008.26275342021 0.0040575 0.036831875 0.03900125
2016.188693354677 0.0040575 0.035806875 0.039000625
2024.1146332891444 0.0040575 0.035806875 0.039000625
2032.0405732236115 0.0040575 0.035806875 0.039000625
2039.9665131580787 0.004036875 0.035806875 0.039000625
2047.892453092546 0.003806875 0.035806875 0.039000625
2055.8183930270134 0.0034075 0.035806875 0.03839375
2063.7443329614803 0.003104375 0.035806875 0.038363125
2071.6702728959476 0.002963125 0.035806875 0.038363125
2079.596212830415 0.0029025 0.035806875 0.038363125
2087.5221527648823 0.00287125 0.035806875 0.038363125
2095.448092699349 0.002855 0.035806875 0.038363125
2103.3740326338166 0.002845 0.035806875 0.038363125
2111.299972568284 0.002844375 0.035806875 0.038363125
2119.2259125027513 0.002844375 0.0352975 0.038363125
2127.151852437218 0.002844375 0.034768125 0.038363125
2135.0777923716855 0.0028325 0.034768125 0.038363125
2143.003732306153 0.0028325 0.034768125 0.038363125
2150.92967224062 0.002831875 0.034768125 0.038363125
2158.855612175087 0.002831875 0.034768125 0.038363125
2166.7815521095545 0.002831875 0.034768125 0.038363125
2174.707492044022 0.002831875 0.034768125 0.038345625
2182.633431978489 0.002831875 0.034768125 0.03828625
2190.559371912956 0.002831875 0.034768125 0.038224375
2198.4853118474234 0.002831875 0.034768125 0.03818
2206.4112517818908 0.002831875 0.034768125 0.03816
2214.337191716358 0.002814375 0.034768125 0.038145
2222.263131650825 0.002723125 0.034768125 0.038119375
2230.1890715852924 0.002168125 0.034768125 0.037988125
2238.1150115197597 0.00209875 0.034768125 0.03788125
2246.0409514542266 0.00205375 0.034768125 0.037801875
2253.966891388694 0.002028125 0.03452625 0.03778875
2261.8928313231613 0.0020125 0.03428125 0.03776375
2269.8187712576287 0.00200625 0.03420375 0.037763125
2277.7447111920956 0.00200375 0.03406625 0.037763125
2285.670651126563 0.0020025 0.033961875 0.037763125
2293.5965910610303 0.002001875 0.033893125 0.037763125
2301.5225309954976 0.00200125 0.033866875 0.037763125
2309.4484709299645 0.00200125 0.033836875 0.037763125
2317.374410864432 0.00200125 0.033778125 0.037435
2325.300350798899 0.00200125 0.033725 0.037061875
2333.2262907333666 0.00200125 0.033691875 0.03703875
2341.1522306678335 0.00200125 0.03368 0.037034375
2349.078170602301 0.00200125 0.033671875 0.03703375
2357.004110536768 0.00200125 0.03366625 0.0370325
2364.9300504712355 0.00200125 0.033665 0.03703125
2372.8559904057024 0.00200125 0.033665 0.037023125
2380.7819303401698 0.00200125 0.033665 0.03699125
2388.707870274637 0.00200125 0.033665 0.036929375
2396.6338102091045 0.00200125 0.033665 0.036875625
2404.5597501435714 0.00200125 0.033665 0.036859375
2412.4856900780387 0.00200125 0.033665 0.036850625
2420.411630012506 0.00200125 0.033665 0.035865
2428.3375699469734 0.00200125 0.033665 0.0358625
2436.2635098814403 0.00200125 0.033665 0.035860625
2444.1894498159077 0.00200125 0.033665 0.03586
2452.115389750375 0.00200125 0.033665 0.03586
2460.041329684842 0.00200125 0.033665 0.03586
2467.9672696193093 0.00200125 0.033665 0.03586
2475.8932095537766 0.00200125 0.033665 0.03586
2483.819149488244 0.00200125 0.033665 0.03586
2491.745089422711 0.00200125 0.033665 0.03586
2499.671029357178 0.00200125 0.033665 0.03586
2507.5969692916456 0.00200125 0.033665 0.03586
2515.522909226113 0.00200125 0.033665 0.03585875
2523.44884916058 0.00200125 0.033665 0.035855625
2531.374789095047 0.00200125 0.033665 0.035278125
2539.3007290295145 0.00200125 0.033665 0.035121875
2547.226668963982 0.00200125 0.033665 0.035023125
2555.1526088984488 0.00200125 0.033665 0.035023125
2563.078548832916 0.00200125 0.033665 0.03501875
2571.0044887673835 0.00200125 0.033665 0.035
2578.930428701851 0.00200125 0.033665 0.034991875
2586.8563686363177 0.00200125 0.033665 0.03497625
2594.782308570785 0.00200125 0.033665 0.03495375
2602.7082485052524 0.00200125 0.033665 0.034934375
2610.6341884397198 0.00200125 0.033665 0.034923125
2618.5601283741867 0.00200125 0.033665 0.034915
2626.486068308654 0.00200125 0.033665 0.034911875
2634.4120082431214 0.00200125 0.033665 0.034911875
2642.3379481775883 0.00200125 0.033665 0.034911875
2650.2638881120556 0.00200125 0.033665 0.034910625
2658.189828046523 0.00200125 0.033665 0.034903125
2666.1157679809903 0.00200125 0.033665 0.0348975
2674.041707915457 0.00200125 0.033665 0.0348975
2681.9676478499246 0.00200125 0.033665 0.034888125
2689.893587784392 0.00200125 0.033665 0.034886875
2697.8195277188593 0.00200125 0.033665 0.034886875
2705.745467653326 0.00200125 0.033665 0.034886875
2713.6714075877935 0.00200125 0.033665 0.034886875
2721.597347522261 0.00200125 0.033665 0.034886875
2729.523287456728 0.00200125 0.033665 0.034886875
2737.449227391195 0.00200125 0.033665 0.034885
2745.3751673256625 0.00200125 0.033665 0.034876875
2753.30110726013 0.00200125 0.033665 0.034846875
2761.227047194597 0.00200125 0.033665 0.034743125
2769.152987129064 0.00200125 0.033665 0.034615625
2777.0789270635314 0.00200125 0.033665 0.03455625
2785.0048669979988 0.00200125 0.033665 0.0345325
2792.930806932466 0.00200125 0.033665 0.034178125
2800.856746866933 0.00200125 0.033665 0.034080625
2808.7826868014004 0.00200125 0.033665 0.033921875
2816.7086267358677 0.00200125 0.033665 0.033876875
2824.634566670335 0.00200125 0.033665 0.033830625
2832.560506604802 0.00200125 0.033665 0.0337775
2840.4864465392693 0.00200125 0.033665 0.033716875
2848.4123864737367 0.00200125 0.033665 0.033686875
2856.3383264082036 0.00200125 0.033665 0.033656875
2864.264266342671 0.00200125 0.033665 0.0336325
2872.1902062771383 0.00200125 0.033665 0.033610625
2880.1161462116056 0.00200125 0.033665 0.033609375
2888.0420861460725 0.000778125 0.033665 0.03360875
2895.96802608054 0.00011125 0.033665 0.03360875
2903.893966015007 4.3125e-05 0.033665 0.033595
2911.8199059494746 2.0625e-05 0.033665 0.03356625
2919.7458458839415 9.375e-06 0.033665 0.03352875
2927.671785818409 3.125e-06 0.033665 0.033508125
2935.597725752876 0.0 0.033665 0.033498125
2943.5236656873435 0.0 0.033665 0.033185
2951.4496056218104 0.0 0.033665 0.03278375
2959.3755455562778 0.0 0.033665 0.032635
2967.301485490745 0.0 0.033665 0.032626875
2975.2274254252125 0.0 0.033665 0.03261625
2983.1533653596794 0.0 0.033665 0.03259875
2991.0793052941467 0.0 0.033665 0.032530625
2999.005245228614 0.0 0.033665 0.03247375
3006.9311851630814 0.0 0.033665 0.032426875
3014.8571250975483 0.0 0.033665 0.0323525
3022.7830650320157 0.0 0.033665 0.0322725
3030.709004966483 0.0 0.033590625 0.032208125
3038.6349449009504 0.0 0.033571875 0.03217
3046.5608848354173 0.0 0.03349125 0.032144375
3054.4868247698846 0.0 0.033459375 0.03209375
3062.412764704352 0.0 0.03340375 0.031980625
3070.338704638819 0.0 0.03321 0.0318875
3078.264644573286 0.0 0.033115625 0.031775
3086.1905845077536 0.0 0.0330675 0.0317625
3094.116524442221 0.0 0.033045 0.03175625
3102.042464376688 0.0 0.033029375 0.031754375
3109.968404311155 0.0 0.033020625 0.031754375
3117.8943442456225 0.0 0.032939375 0.031754375
3125.82028418009 0.0 0.032755 0.031754375
3133.7462241145568 0.0 0.032624375 0.031754375
3141.672164049024 0.0 0.03253875 0.031754375
3149.5981039834915 0.0 0.032289375 0.031754375
3157.524043917959 0.0 0.032068125 0.031754375
3165.4499838524257 0.0 0.0318925 0.031754375
3173.375923786893 0.0 0.031731875 0.031754375
3181.3018637213604 0.0 0.031659375 0.031754375
3189.2278036558278 0.0 0.03139625 0.031754375
3197.1537435902947 0.0 0.031181875 0.031754375
3205.079683524762 0.0 0.031055 0.031754375
3213.0056234592294 0.0 0.030760625 0.031754375
3220.9315633936967 0.0 0.03062625 0.031754375
3228.8575033281636 0.0 0.030405 0.031754375
3236.783443262631 0.0 0.03009375 0.031754375
3244.7093831970983 0.0 0.029885625 0.031754375
3252.635323131565 0.0 0.02972125 0.031754375
3260.5612630660326 0.0 0.02959875 0.031754375
3268.4872030005 0.0 0.02951875 0.031754375
3276.4131429349673 0.0 0.0292875 0.031754375
3284.339082869434 0.0 0.02917 0.031754375
3292.2650228039015 0.0 0.029096875 0.031754375
3300.190962738369 0.0 0.029065625 0.031754375
3308.116902672836 0.0 0.029049375 0.031754375
3316.042842607303 0.0 0.028961875 0.031754375
3323.9687825417705 0.0 0.0289375 0.031754375
3331.894722476238 0.0 0.028843125 0.031754375
3339.820662410705 0.0 0.02880375 0.031754375
3347.746602345172 0.0 0.02878125 0.031754375
3355.6725422796394 0.0 0.028559375 0.031754375
3363.5984822141068 0.0 0.028459375 0.03107625
3371.524422148574 0.0 0.028419375 0.03107625
3379.450362083041 0.0 0.02839375 0.03107625
3387.3763020175084 0.0 0.02838375 0.03107625
3395.3022419519757 0.0 0.028290625 0.03107625
3403.228181886443 0.0 0.028264375 0.03107625
3411.15412182091 0.0 0.028151875 0.03107625
3419.0800617553773 0.0 0.02811375 0.03107625
3427.0060016898447 0.0 0.027875625 0.03107625
3434.931941624312 0.0 0.02766 0.03107625
3442.857881558779 0.0 0.02756 0.03107625
3450.7838214932463 0.0 0.02741625 0.03107625
3458.7097614277136 0.0 0.0270575 0.03107625
3466.6357013621805 0.0 0.0267025 0.03107625
3474.561641296648 0.0 0.026459375 0.03107625
3482.487581231115 0.0 0.026179375 0.03107625
3490.4135211655826 0.0 0.025966875 0.03107625
3498.3394611000494 0.0 0.025466875 0.03107625
3506.265401034517 0.0 0.025245625 0.03107625
3514.191340968984 0.0 0.02512375 0.03107625
3522.1172809034515 0.0 0.025045625 0.03107625
3530.0432208379184 0.0 0.02500125 0.03107625
3537.9691607723857 0.0 0.02497625 0.03107625
3545.895100706853 0.0 0.024960625 0.03107625
3553.8210406413205 0.0 0.024954375 0.03107625
3561.7469805757873 0.0 0.02494875 0.03107625
3569.6729205102547 0.0 0.024948125 0.03107625
3577.598860444722 0.0 0.024948125 0.03107625
3585.5248003791894 0.0 0.024948125 0.03107625
3593.4507403136563 0.0 0.024948125 0.03107625
3601.3766802481236 0.0 0.024948125 0.03107625
3609.302620182591 0.0 0.024948125 0.03107625
3617.2285601170584 0.0 0.024948125 0.03107625
3625.1545000515252 0.0 0.024948125 0.03107625
3633.0804399859926 0.0 0.024833125 0.03107625
3641.00637992046 0.0 0.02459625 0.03107625
3648.9323198549273 0.0 0.024565 0.03107625
3656.858259789394 0.0 0.02445625 0.03107625
3664.7841997238615 0.0 0.024319375 0.03107625
3672.710139658329 0.0 0.024205 0.03107625
3680.636079592796 0.0 0.02396625 0.03107625
3688.562019527263 0.0 0.023751875 0.03107625
3696.4879594617305 0.0 0.0235425 0.03107625
3704.413899396198 0.0 0.023280625 0.03107625
3712.3398393306647 0.0 0.02314 0.03107625
3720.265779265132 0.0 0.023039375 0.03107625
3728.1917191995994 0.0 0.022745 0.03107625
3736.117659134067 0.0 0.022668125 0.03107625
3744.0435990685337 0.0 0.02260375 0.03107625
3751.969539003001 0.0 0.022579375 0.03107625
3759.8954789374684 0.0 0.022565 0.03107625
3767.8214188719357 0.0 0.022555 0.03107625
3775.7473588064026 0.0 0.02254875 0.03107625
3783.67329874087 0.0 0.022546875 0.03107625
3791.5992386753373 0.0 0.02254625 0.03107625
3799.5251786098047 0.0 0.022545625 0.03107625
3807.4511185442716 0.0 0.022545625 0.03107625
3815.377058478739 0.0 0.022545625 0.03107625
3823.3029984132063 0.0 0.022545625 0.03107625
3831.2289383476736 0.0 0.022545625 0.03107625
3839.1548782821405 0.0 0.022545625 0.03107625
3847.080818216608 0.0 0.022545625 0.03107625
3855.0067581510752 0.0 0.022545625 0.03107625
3862.932698085542 0.0 0.022545625 0.03107625
3870.8586380200095 0.0 0.022545625 0.03107625
3878.784577954477 0.0 0.022545625 0.03107625
3886.710517888944 0.0 0.022544375 0.03107625
3894.636457823411 0.0 0.022544375 0.03107625
3902.5623977578784 0.0 0.022544375 0.03107625
3910.488337692346 0.0 0.022544375 0.03107625
3918.414277626813 0.0 0.022544375 0.03107625
3926.34021756128 0.0 0.022544375 0.03107625
3934.2661574957474 0.0 0.022544375 0.03107625
3942.1920974302147 0.0 0.022544375 0.03107625
3950.118037364682 0.0 0.0225425 0.03107625
3958.043977299149 0.0 0.0225425 0.03107625
3965.9699172336163 0.0 0.0225425 0.03107625
3973.8958571680837 0.0 0.02254 0.03107625
3981.821797102551 0.0 0.02254 0.03107625
3989.747737037018 0.0 0.022539375 0.03107625
3997.6736769714853 0.0 0.022539375 0.03107625
4005.5996169059526 0.0 0.02253875 0.03107625
4013.52555684042 0.0 0.02253875 0.03107625
4021.451496774887 0.0 0.02253875 0.03107625
4029.3774367093542 0.0 0.02253875 0.03107625
4037.3033766438216 0.0 0.02253875 0.03107625
4045.229316578289 0.0 0.02253875 0.03107625
4053.155256512756 0.0 0.02253875 0.03107625
4061.081196447223 0.0 0.02253875 0.03107625
4069.0071363816905 0.0 0.02253875 0.031010625
4076.9330763161574 0.0 0.02253875 0.031010625
4084.859016250625 0.0 0.02253875 0.031010625
4092.784956185092 0.0 0.022536875 0.031010625
4100.71089611956 0.0 0.022536875 0.031010625
4108.636836054027 0.0 0.022536875 0.031010625
4116.562775988495 0.0 0.022536875 0.031010625
4124.488715922961 0.0 0.022536875 0.031010625
4132.414655857428 0.0 0.022536875 0.031010625
4140.340595791896 0.0 0.022536875 0.031010625
4148.266535726363 0.0 0.022536875 0.031010625
4156.1924756608305 0.0 0.022536875 0.031010625
4164.118415595298 0.0 0.022536875 0.031010625
4172.044355529765 0.0 0.022536875 0.031010625
4179.970295464233 0.0 0.022536875 0.031010625
4187.896235398699 0.0 0.022536875 0.031010625
4195.822175333166 0.0 0.022536875 0.031010625
4203.748115267634 0.0 0.022536875 0.031010625
4211.674055202101 0.0 0.022535625 0.031010625
4219.599995136568 0.0 0.022535625 0.031010625
4227.525935071036 0.0 0.02253375 0.031010625
4235.451875005503 0.0 0.02253375 0.031010625
4243.37781493997 0.0 0.02253375 0.031010625
4251.303754874437 0.0 0.02253375 0.031010625
4259.229694808904 0.0 0.02253375 0.031010625
4267.155634743372 0.0 0.02253375 0.031010625
4275.081574677839 0.0 0.02253375 0.031010625
4283.007514612306 0.0 0.02253375 0.031010625
4290.933454546774 0.0 0.02253375 0.031010625
4298.859394481241 0.0 0.02253375 0.031010625
4306.785334415707 0.0 0.02253375 0.031010625
4314.711274350175 0.0 0.02253375 0.031010625
4322.637214284642 0.0 0.02253125 0.031010625
4330.5631542191095 0.0 0.02253125 0.031010625
4338.489094153577 0.0 0.022530625 0.031010625
4346.415034088044 0.0 0.022530625 0.031010625
4354.340974022512 0.0 0.022530625 0.031010625
4362.266913956979 0.0 0.022529375 0.031010625
4370.192853891445 0.0 0.022529375 0.031010625
4378.118793825913 0.0 0.022529375 0.031010625
4386.04473376038 0.0 0.022529375 0.031010625
4393.970673694847 0.0 0.022529375 0.031010625
4401.896613629315 0.0 0.022529375 0.031010625
4409.822553563782 0.0 0.022529375 0.031010625
4417.748493498249 0.0 0.022529375 0.031010625
4425.674433432717 0.0 0.022529375 0.031010625
4433.600373367183 0.0 0.022529375 0.031010625
4441.526313301651 0.0 0.022529375 0.031010625
4449.452253236118 0.0 0.022529375 0.031010625
4457.378193170585 0.0 0.022529375 0.031010625
4465.304133105053 0.0 0.022529375 0.031010625
4473.23007303952 0.0 0.022529375 0.031010625
4481.156012973987 0.0 0.022529375 0.031010625
4489.081952908454 0.0 0.022529375 0.031010625
4497.007892842921 0.0 0.022529375 0.031010625
4504.9338327773885 0.0 0.022529375 0.031010625
4512.859772711856 0.0 0.022529375 0.031010625
4520.785712646323 0.0 0.022529375 0.031010625
4528.7116525807905 0.0 0.022529375 0.031010625
4536.637592515258 0.0 0.022529375 0.031010625
4544.563532449725 0.0 0.022529375 0.031010625
4552.489472384192 0.0 0.022529375 0.031010625
4560.415412318659 0.0 0.022529375 0.031010625
4568.341352253126 0.0 0.022506875 0.031010625
4576.267292187594 0.0 0.022506875 0.031010625
4584.193232122061 0.0 0.022411875 0.031010625
4592.119172056528 0.0 0.02233625 0.031010625
4600.045111990996 0.0 0.02228625 0.031010625
4607.971051925463 0.0 0.0222425 0.031010625
4615.89699185993 0.0 0.022220625 0.031010625
4623.822931794397 0.0 0.02220625 0.031010625
4631.748871728864 0.0 0.022198125 0.031010625
4639.674811663332 0.0 0.022196875 0.031010625
4647.600751597799 0.0 0.02218625 0.031010625
4655.526691532266 0.0 0.022185625 0.031010625
4663.452631466734 0.0 0.02207875 0.031010625
4671.3785714012 0.0 0.02199625 0.031010625
4679.3045113356675 0.0 0.021946875 0.031010625
4687.230451270135 0.0 0.02190875 0.031010625
4695.156391204602 0.0 0.021895 0.031010625
4703.0823311390695 0.0 0.021878125 0.031010625
4711.008271073537 0.0 0.021873125 0.031010625
4718.934211008004 0.0 0.021871875 0.031010625
4726.860150942472 0.0 0.02185875 0.031010625
4734.786090876938 0.0 0.0218575 0.031010625
4742.712030811405 0.0 0.021760625 0.031010625
4750.637970745873 0.0 0.021713125 0.031010625
4758.56391068034 0.0 0.0216525 0.031010625
4766.489850614807 0.0 0.021605625 0.031010625
4774.415790549275 0.0 0.021585 0.031010625
4782.341730483742 0.0 0.02157 0.031010625
4790.2676704182095 0.0 0.02154875 0.031010625
4798.193610352676 0.0 0.021545625 0.031010625
4806.119550287143 0.0 0.02147125 0.031010625
4814.045490221611 0.0 0.02141875 0.031010625
4821.971430156078 0.0 0.021341875 0.031010625
4829.897370090545 0.0 0.02127375 0.031010625
4837.823310025013 0.0 0.021230625 0.031010625
4845.74924995948 0.0 0.02091375 0.031010625
4853.675189893947 0.0 0.0207375 0.031010625
4861.601129828414 0.0 0.020646875 0.031010625
4869.527069762881 0.0 0.020574375 0.031010625
4877.4530096973485 0.0 0.02055 0.031010625
4885.378949631816 0.0 0.0205225 0.031010625
4893.304889566283 0.0 0.02051125 0.031010625
4901.230829500751 0.0 0.020508125 0.031010625
4909.156769435218 0.0 0.020505 0.031010625
4917.082709369684 0.0 0.02049125 0.031010625
4925.008649304152 0.0 0.020443125 0.031010625
4932.934589238619 0.0 0.020428125 0.031010625
4940.860529173086 0.0 0.020428125 0.031010625
4948.786469107554 0.0 0.020428125 0.031010625
4956.712409042021 0.0 0.020295625 0.031010625
4964.6383489764885 0.0 0.02023 0.031010625
4972.564288910956 0.0 0.020195 0.031010625
4980.490228845422 0.0 0.020148125 0.031010625
4988.41616877989 0.0 0.02013625 0.031010625
4996.342108714357 0.0 0.020119375 0.031010625
5004.268048648824 0.0 0.02011375 0.031010625
5012.193988583292 0.0 0.02011 0.031010625
5020.119928517759 0.0 0.020109375 0.031010625
5028.045868452226 0.0 0.020059375 0.031010625
5035.971808386694 0.0 0.0200425 0.031010625
5043.89774832116 0.0 0.0200425 0.031010625
5051.8236882556275 0.0 0.019540625 0.031010625
5059.749628190095 0.0 0.019474375 0.031010625
5067.675568124562 0.0 0.019385 0.031010625
5075.60150805903 0.0 0.0193475 0.031010625
5083.527447993497 0.0 0.019326875 0.031010625
5091.453387927964 0.0 0.019303125 0.031010625
5099.379327862431 0.0 0.019249375 0.031010625
5107.305267796898 0.0 0.0192475 0.031010625
5115.231207731365 0.0 0.019246875 0.031010625
5123.157147665833 0.0 0.019246875 0.031010625
5131.0830876003 0.0 0.019233125 0.031010625
5139.0090275347675 0.0 0.018628125 0.031010625
5146.934967469235 0.0 0.01856625 0.031010625
5154.860907403702 0.0 0.018476875 0.031010625
5162.786847338169 0.0 0.018425 0.031010625
5170.712787272636 0.0 0.018385 0.031010625
5178.638727207103 0.0 0.0183775 0.031010625
5186.564667141571 0.0 0.018361875 0.031010625
5194.490607076038 0.0 0.01835625 0.031010625
5202.416547010505 0.0 0.01826625 0.031010625
5210.342486944973 0.0 0.018201875 0.031010625
5218.26842687944 0.0 0.0181325 0.031010625
5226.1943668139065 0.0 0.018081875 0.031010625
5234.120306748374 0.0 0.01805625 0.031010625
5242.046246682841 0.0 0.017841875 0.031010625
5249.972186617309 0.0 0.01775 0.031010625
5257.898126551776 0.0 0.0171825 0.031010625
5265.824066486243 0.0 0.017098125 0.031010625
5273.750006420711 0.0 0.01683125 0.031010625
5281.675946355177 0.0 0.016584375 0.031010625
5289.601886289644 0.0 0.01639875 0.031010625
5297.527826224112 0.0 0.01627375 0.031010625
5305.453766158579 0.0 0.016196875 0.031010625
5313.3797060930465 0.0 0.01617125 0.031010625
5321.305646027514 0.0 0.016151875 0.031010625
5329.231585961981 0.0 0.015649375 0.031010625
5337.1575258964485 0.0 0.015608125 0.031010625
5345.083465830915 0.0 0.0155325 0.031010625
5353.009405765382 0.0 0.01544125 0.031010625
5360.93534569985 0.0 0.0154075 0.031010625
5368.861285634317 0.0 0.0149275 0.031010625
5376.787225568784 0.0 0.01485 0.031010625
5384.713165503252 0.0 0.014290625 0.031010625
5392.639105437719 0.0 0.01415 0.031010625
5400.565045372186 0.0 0.0140075 0.031010625
5408.490985306653 0.0 0.01391125 0.031010625
5416.41692524112 0.0 0.013863125 0.031010625
5424.342865175588 0.0 0.013843125 0.031010625
5432.268805110055 0.0 0.013838125 0.031010625
5440.194745044522 0.0 0.01383625 0.031010625
5448.12068497899 0.0 0.01383625 0.031010625
5456.046624913457 0.0 0.01383625 0.031010625
5463.972564847924 0.0 0.01383625 0.031010625
5471.898504782391 0.0 0.01334125 0.031010625
5479.824444716858 0.0 0.013290625 0.031010625
5487.7503846513255 0.0 0.013159375 0.031010625
5495.676324585793 0.0 0.0131175 0.031010625
5503.60226452026 0.0 0.0130425 0.031010625
5511.5282044547275 0.0 0.0129175 0.031010625
5519.454144389195 0.0 0.01275125 0.031010625
5527.380084323661 0.0 0.0123775 0.031010625
5535.306024258129 0.0 0.012314375 0.031010625
5543.231964192596 0.0 0.012248125 0.031010625
5551.157904127063 0.0 0.01213625 0.031010625
5559.083844061531 0.0 0.0121 0.031010625
5567.009783995998 0.0 0.01204 0.031010625
5574.935723930465 0.0 0.011920625 0.031010625
5582.861663864933 0.0 0.01186875 0.031010625
5590.787603799399 0.0 0.011765 0.031010625
5598.713543733867 0.0 0.011705 0.031010625
5606.639483668334 0.0 0.011680625 0.031010625
5614.565423602801 0.0 0.01166625 0.031010625
5622.491363537269 0.0 0.01165625 0.031010625
5630.417303471736 0.0 0.01165 0.031010625
5638.343243406203 0.0 0.011648125 0.031010625
5646.269183340671 0.0 0.011648125 0.031010625
5654.195123275137 0.0 0.0116475 0.031010625
5662.1210632096045 0.0 0.011631875 0.031010625
5670.047003144072 0.0 0.011631875 0.031010625
5677.972943078539 0.0 0.01153875 0.031010625
5685.8988830130065 0.0 0.01148125 0.031010625
5693.824822947474 0.0 0.01140625 0.031010625
5701.750762881941 0.0 0.01136 0.031010625
5709.676702816408 0.0 0.011329375 0.031010625
5717.602642750875 0.0 0.011313125 0.031010625
5725.528582685342 0.0 0.01130125 0.031010625
5733.45452261981 0.0 0.010804375 0.031010625
5741.380462554277 0.0 0.0107575 0.031010625
5749.306402488744 0.0 0.010635625 0.031010625
5757.232342423212 0.0 0.01058625 0.031010625
5765.158282357679 0.0 0.010554375 0.031010625
5773.084222292146 0.0 0.010038125 0.031010625
5781.010162226613 0.0 0.009984375 0.031010625
5788.93610216108 0.0 0.009911875 0.031010625
5796.862042095548 0.0 0.009826875 0.031010625
5804.787982030015 0.0 0.009795 0.031010625
5812.713921964482 0.0 0.009270625 0.031010625
5820.63986189895 0.0 0.0091975 0.031010625
5828.565801833417 0.0 0.00906125 0.031010625
5836.4917417678835 0.0 0.00897375 0.031010625
5844.417681702351 0.0 0.008931875 0.031010625
5852.343621636818 0.0 0.00891625 0.031010625
5860.2695615712855 0.0 0.00839875 0.031010625
5868.195501505753 0.0 0.008345 0.031010625
5876.12144144022 0.0 0.008335625 0.031010625
5884.047381374688 0.0 0.00822 0.031010625
5891.973321309154 0.0 0.00817875 0.031010625
5899.899261243621 0.0 0.008133125 0.031010625
5907.825201178089 0.0 0.008115 0.031010625
5915.751141112556 0.0 0.008054375 0.031010625
5923.677081047023 0.0 0.008028125 0.031010625
5931.603020981491 0.0 0.008026875 0.031010625
5939.528960915958 0.0 0.008026875 0.031010625
5947.4549008504255 0.0 0.008026875 0.031010625
5955.380840784892 0.0 0.008026875 0.031010625
5963.306780719359 0.0 0.008026875 0.031010625
5971.232720653827 0.0 0.008026875 0.031010625
5979.158660588294 0.0 0.008026875 0.031010625
5987.084600522761 0.0 0.008026875 0.031010625
5995.010540457229 0.0 0.008026875 0.031010625
6002.936480391696 0.0 0.008026875 0.031010625
6010.862420326163 0.0 0.008026875 0.031010625
6018.78836026063 0.0 0.00797625 0.031010625
6026.714300195097 0.0 0.007950625 0.03093625
6034.6402401295645 0.0 0.007950625 0.030918125
6042.566180064032 0.0 0.007950625 0.030906875
6050.492119998499 0.0 0.007950625 0.030873125
6058.418059932967 0.0 0.007950625 0.03082875
6066.343999867434 0.0 0.007950625 0.0308075
6074.269939801901 0.0 0.007950625 0.0307925
6082.195879736368 0.0 0.007950625 0.030781875
6090.121819670835 0.0 0.007430625 0.030774375
6098.047759605302 0.0 0.0073775 0.030771875
6105.97369953977 0.0 0.0072925 0.030771875
6113.899639474237 0.0 0.00722375 0.030771875
6121.8255794087045 0.0 0.007189375 0.030771875
6129.751519343172 0.0 0.007170625 0.030771875
6137.677459277638 0.0 0.007168125 0.030771875
6145.603399212106 0.0 0.007163125 0.030771875
6153.529339146573 0.0 0.007163125 0.030771875
6161.45527908104 0.0 0.007163125 0.030771875
6169.381219015508 0.0 0.007163125 0.030771875
6177.307158949975 0.0 0.007163125 0.030771875
6185.233098884442 0.0 0.00664375 0.030713125
6193.15903881891 0.0 0.0065975 0.0306325
6201.084978753376 0.0 0.00649 0.0306
6209.0109186878435 0.0 0.0064275 0.030588125
6216.936858622311 0.0 0.006401875 0.030551875
6224.862798556778 0.0 0.006379375 0.030431875
6232.788738491246 0.0 0.00636625 0.03039875
6240.714678425713 0.0 0.006363125 0.030355
6248.64061836018 0.0 0.006363125 0.03031125
6256.566558294648 0.0 0.006363125 0.03028
6264.492498229114 0.0 0.006363125 0.030261875
6272.418438163581 0.0 0.006363125 0.030236875
6280.344378098049 0.0 0.006363125 0.030180625
6288.270318032516 0.0 0.006363125 0.0301625
6296.1962579669835 0.0 0.005816875 0.030075
6304.122197901451 0.0 0.005763125 0.030048125
6312.048137835918 0.0 0.00568125 0.03004
6319.974077770385 0.0 0.00563875 0.02984375
6327.900017704852 0.0 0.005600625 0.029655625
6335.825957639319 0.0 0.005578125 0.02957625
6343.751897573787 0.0 0.00556625 0.0295425
6351.677837508254 0.0 0.00556 0.029468125
6359.603777442721 0.0 0.005558125 0.029435625
6367.529717377189 0.0 0.005558125 0.029423125
6375.455657311656 0.0 0.005558125 0.02941875
6383.3815972461225 0.0 0.005558125 0.029358125
6391.30753718059 0.0 0.005558125 0.029235625
6399.233477115057 0.0 0.005558125 0.02919125
6407.159417049525 0.0 0.005558125 0.02914
6415.085356983992 0.0 0.0055525 0.029084375
6423.011296918459 0.0 0.005528125 0.029045
6430.937236852927 0.0 0.005476875 0.029019375
6438.863176787394 0.0 0.0054125 0.028995625
6446.78911672186 0.0 0.005386875 0.02887375
6454.715056656328 0.0 0.005375625 0.028859375
6462.640996590795 0.0 0.005375625 0.028825
6470.5669365252625 0.0 0.005375625 0.028790625
6478.49287645973 0.0 0.005375625 0.0287625
6486.418816394197 0.0 0.0051075 0.028744375
6494.3447563286645 0.0 0.004974375 0.028573125
6502.270696263131 0.0 0.004974375 0.028439375
6510.196636197598 0.0 0.004974375 0.02838125
6518.122576132066 0.0 0.004974375 0.028343125
6526.048516066533 0.0 0.004974375 0.0283075
6533.974456001 0.0 0.004953125 0.02827375
6541.900395935468 0.0 0.0049075 0.027926875
6549.826335869935 0.0 0.004854375 0.027873125
6557.752275804402 0.0 0.004798125 0.027794375
6565.678215738869 0.0 0.0047625 0.02775625
6573.604155673336 0.0 0.00473125 0.027611875
6581.530095607804 0.0 0.004725 0.027559375
6589.456035542271 0.0 0.00472 0.027525
6597.381975476738 0.0 0.0047 0.027455625
6605.307915411206 0.0 0.00466625 0.0273625
6613.233855345673 0.0 0.00462125 0.02728875
6621.15979528014 0.0 0.004521875 0.027245625
6629.085735214607 0.0 0.004459375 0.02710375
6637.011675149074 0.0 0.004421875 0.026951875
6644.9376150835415 0.0 0.00439625 0.026856875
6652.863555018009 0.0 0.00437875 0.02673125
6660.789494952476 0.0 0.004368125 0.026491875
6668.7154348869435 0.0 0.004366875 0.026435625
6676.641374821411 0.0 0.00436625 0.026366875
6684.567314755878 0.0 0.00436625 0.02634
6692.493254690345 0.0 0.00436625 0.026209375
6700.419194624812 0.0 0.00436625 0.026003125
6708.345134559279 0.0 0.00436625 0.0259075
6716.271074493747 0.0 0.00436625 0.02588875
6724.197014428214 0.0 0.00436625 0.0258
6732.122954362681 0.0 0.00436625 0.0257325
6740.048894297149 0.0 0.00436625 0.025485
6747.974834231615 0.0 0.00436625 0.025419375
6755.900774166083 0.0 0.00436625 0.025394375
6763.82671410055 0.0 0.00436625 0.0253025
6771.752654035017 0.0 0.00436625 0.025243125
6779.678593969485 0.0 0.00436625 0.025210625
6787.604533903952 0.0 0.00436625 0.025099375
6795.530473838419 0.0 0.00436625 0.025075
6803.456413772887 0.0 0.00436625 0.024955
6811.382353707353 0.0 0.00436625 0.024906875
6819.3082936418205 0.0 0.00436625 0.0248775
6827.234233576288 0.0 0.00436625 0.0248125
6835.160173510755 0.0 0.00436625 0.024706875
6843.0861134452225 0.0 0.00436625 0.024664375
6851.01205337969 0.0 0.00436625 0.02463375
6858.937993314157 0.0 0.00436625 0.0244675
6866.863933248625 0.0 0.00436625 0.02441875
6874.789873183091 0.0 0.00436625 0.02440375
6882.715813117558 0.0 0.00436625 0.0243475
6890.641753052026 0.0 0.00436625 0.024329375
6898.567692986493 0.0 0.00436625 0.02431375
6906.49363292096 0.0 0.00436625 0.024251875
6914.419572855428 0.0 0.00436625 0.024215
6922.345512789895 0.0 0.00436625 0.02418875
6930.271452724362 0.0 0.00436625 0.02415875
6938.197392658829 0.0 0.00436625 0.024144375
6946.123332593296 0.0 0.00436625 0.024084375
6954.049272527764 0.0 0.00436625 0.02406
6961.975212462231 0.0 0.00436625 0.02400875
6969.901152396698 0.0 0.00436625 0.023915625
6977.827092331166 0.0 0.00436625 0.02389125
6985.753032265633 0.0 0.00436625 0.02386
6993.678972200099 0.0 0.00436625 0.02381625
7001.604912134567 0.0 0.00436625 0.023799375
7009.530852069034 0.0 0.00436625 0.023741875
7017.4567920035015 0.0 0.00436625 0.023589375
7025.382731937969 0.0 0.00436625 0.023576875
7033.308671872436 0.0 0.00436625 0.023521875
7041.234611806904 0.0 0.00436625 0.0234975
7049.160551741371 0.0 0.00436625 0.023430625
7057.086491675837 0.0 0.00436625 0.023404375
7065.012431610305 0.0 0.00436625 0.02329625
7072.938371544772 0.0 0.00436625 0.023189375
7080.864311479239 0.0 0.00436625 0.02308875
7088.790251413707 0.0 0.00436625 0.02302625
7096.716191348174 0.0 0.00436625 0.022994375
7104.6421312826415 0.0 0.00436625 0.022811875
7112.568071217108 0.0 0.00436625 0.022770625
7120.494011151575 0.0 0.00436625 0.022684375
7128.419951086043 0.0 0.00436625 0.02259
7136.34589102051 0.0 0.00436625 0.022310625
7144.271830954977 0.0 0.00436625 0.022126875
7152.197770889445 0.0 0.00436625 0.021950625
7160.123710823912 0.0 0.00436625 0.021920625
7168.049650758379 0.0 0.00436625 0.02177625
7175.975590692846 0.0 0.00436625 0.0216125
7183.901530627313 0.0 0.00436625 0.0215575
7191.8274705617805 0.0 0.00436625 0.021465625
7199.753410496248 0.0 0.00436625 0.02135375
7207.679350430715 0.0 0.00436625 0.02115375
7215.605290365183 0.0 0.00436625 0.0211
7223.53123029965 0.0 0.00436625 0.021076875
7231.457170234117 0.0 0.00436625 0.021033125
7239.383110168584 0.0 0.00436625 0.02078375
7247.309050103051 0.0 0.00436625 0.020603125
7255.234990037518 0.0 0.00436625 0.020535
7263.160929971986 0.0 0.00436625 0.02038375
7271.086869906453 0.0 0.00436625 0.020285
7279.01280984092 0.0 0.00436625 0.0201825
7286.938749775388 0.0 0.00436625 0.02010625
7294.864689709855 0.0 0.00436625 0.0200375
7302.790629644322 0.0 0.00436625 0.019998125
7310.716569578789 0.0 0.00436625 0.019970625
7318.642509513256 0.0 0.00436625 0.01986625
7326.568449447724 0.0 0.00436625 0.019825
7334.494389382191 0.0 0.00436625 0.019813125
7342.420329316658 0.0 0.00436625 0.019729375
7350.346269251126 0.0 0.00436625 0.0196975
7358.272209185592 0.0 0.00436625 0.019688125
7366.1981491200595 0.0 0.00436625 0.01965125
7374.124089054527 0.0 0.00436625 0.019618125
7382.050028988994 0.0 0.00436625 0.019603125
7389.975968923462 0.0 0.00436625 0.0195925
7397.901908857929 0.0 0.00436625 0.019581875
7405.827848792396 0.0 0.00436625 0.019530625
7413.753788726864 0.0 0.00436625 0.019515625
7421.67972866133 0.0 0.00436625 0.019403125
7429.605668595797 0.0 0.00436625 0.0193825
7437.531608530265 0.0 0.00436625 0.019310625
7445.457548464732 0.0 0.00436625 0.0192675
7453.383488399199 0.0 0.00436625 0.01926125
7461.309428333667 0.0 0.00436625 0.01920375
7469.235368268134 0.0 0.00436625 0.019191875
7477.1613082026015 0.0 0.00436625 0.01917125
7485.087248137068 0.0 0.00436625 0.019158125
7493.013188071535 0.0 0.00436625 0.019156875
7500.939128006003 0.0 0.00436625 0.019155
7508.86506794047 0.0 0.00436625 0.019153125
7516.791007874937 0.0 0.00436625 0.019060625
7524.716947809405 0.0 0.00436625 0.0190375
7532.642887743872 0.0 0.00436625 0.018925625
7540.5688276783385 0.0 0.00436625 0.018890625
7548.494767612806 0.0 0.00436625 0.018865625
7556.420707547273 0.0 0.00436625 0.01884625
7564.346647481741 0.0 0.00436625 0.018780625
7572.272587416208 0.0 0.00436625 0.018551875
7580.198527350675 0.0 0.00436625 0.018514375
7588.124467285143 0.0 0.00436625 0.018419375
7596.05040721961 0.0 0.00436625 0.018386875
7603.976347154076 0.0 0.00436625 0.0183075
7611.902287088544 0.0 0.00436625 0.018275625
7619.828227023011 0.0 0.00436625 0.018230625
7627.754166957478 0.0 0.00436625 0.01807
7635.680106891946 0.0 0.00436625 0.018034375
7643.606046826413 0.0 0.00436625 0.018026875
7651.5319867608805 0.0 0.00436625 0.017923125
7659.457926695348 0.0 0.00436625 0.017838125
7667.383866629814 0.0 0.00436625 0.017809375
7675.309806564282 0.0 0.00436625 0.01779625
7683.235746498749 0.0 0.00436625 0.017790625
7691.161686433216 0.0 0.00436625 0.017790625
7699.087626367684 0.0 0.00436625 0.017745
7707.013566302151 0.0 0.00436625 0.017590625
7714.939506236618 0.0 0.00436625 0.01756
7722.865446171085 0.0 0.00436625 0.017558125
7730.791386105552 0.0 0.00436625 0.017484375
7738.7173260400195 0.0 0.00436625 0.0174525
7746.643265974487 0.0 0.00436625 0.01735
7754.569205908954 0.0 0.00436625 0.01731875
7762.495145843422 0.0 0.00436625 0.017305625
7770.421085777889 0.0 0.00436625 0.01730125
7778.347025712356 0.0 0.00436625 0.017295
7786.272965646823 0.0 0.00436625 0.01729375
7794.19890558129 0.0 0.00436625 0.01729375
7802.124845515757 0.0 0.00436625 0.01729375
7810.050785450225 0.0 0.00436625 0.01729375
7817.976725384692 0.0 0.00436625 0.01729375
7825.9026653191595 0.0 0.00436625 0.01729375
7833.828605253627 0.0 0.00436625 0.01729375
7841.754545188094 0.0 0.00436625 0.01729375
7849.680485122561 0.0 0.00436625 0.01729375
7857.606425057028 0.0 0.00436625 0.01729375
7865.532364991495 0.0 0.00436625 0.01729375
7873.458304925963 0.0 0.00436625 0.01729375
7881.38424486043 0.0 0.00436625 0.01729375
7889.310184794897 0.0 0.00436625 0.01729375
7897.236124729365 0.0 0.00436625 0.01729375
7905.162064663832 0.0 0.00436625 0.017216875
7913.0880045982985 0.0 0.00436625 0.01710125
7921.013944532766 0.0 0.00436625 0.017079375
7928.939884467233 0.0 0.00436625 0.017071875
7936.865824401701 0.0 0.00436625 0.01706625
7944.791764336168 0.0 0.00436625 0.017039375
7952.717704270635 0.0 0.00436625 0.017019375
7960.643644205103 0.0 0.00436625 0.017019375
7968.569584139569 0.0 0.00436625 0.017019375
7976.495524074036 0.0 0.00436625 0.017019375
7984.421464008504 0.0 0.00436625 0.017019375
7992.347403942971 0.0 0.00436625 0.017019375
8000.2733438774385 0.0 0.00436625 0.017019375
8008.199283811906 0.0 0.00436625 0.017019375
8016.125223746373 0.0 0.00436625 0.017019375
8024.051163680841 0.0 0.00436625 0.017019375
8031.977103615307 0.0 0.00436625 0.017019375
8039.903043549774 0.0 0.00436625 0.017019375
8047.828983484242 0.0 0.00436625 0.016950625
8055.754923418709 0.0 0.00436625 0.016918125
8063.680863353176 0.0 0.00436625 0.01691125
8071.606803287644 0.0 0.00436625 0.0168925
8079.532743222111 0.0 0.00436625 0.016880625
8087.458683156578 0.0 0.00436625 0.01687625
8095.384623091045 0.0 0.00436625 0.01687625
8103.310563025512 0.0 0.00436625 0.01687625
8111.23650295998 0.0 0.00436625 0.016745625
8119.162442894447 0.0 0.00436625 0.01666625
8127.088382828914 0.0 0.00436625 0.01665625
8135.014322763382 0.0 0.00436625 0.01665375
8142.940262697849 0.0 0.00436625 0.01664625
8150.866202632315 0.0 0.00436625 0.016636875
8158.792142566783 0.0 0.00436625 0.016635
8166.71808250125 0.0 0.00436625 0.016635
8174.6440224357175 0.0 0.00436625 0.016635
8182.569962370185 0.0 0.00436625 0.0166
8190.495902304652 0.0 0.00436625 0.0166
8198.421842239119 0.0 0.00436625 0.016499375
8206.347782173585 0.0 0.00436625 0.01648375
8214.273722108053 0.0 0.00436625 0.01647625
8222.19966204252 0.0 0.00436625 0.01647
8230.125601976988 0.0 0.00436625 0.016465
8238.051541911454 0.0 0.00436625 0.016464375
8245.977481845921 0.0 0.00436625 0.016464375
8253.90342178039 0.0 0.00436625 0.016464375
8261.829361714856 0.0 0.00436625 0.016464375
8269.755301649324 0.0 0.00436625 0.016464375
8277.68124158379 0.0 0.00436625 0.016464375
8285.607181518259 0.0 0.00436625 0.016464375
8293.533121452725 0.0 0.00436625 0.016464375
8301.459061387193 0.0 0.00436625 0.016464375
8309.38500132166 0.0 0.00436625 0.016428125
8317.310941256126 0.0 0.00436625 0.016428125
8325.236881190594 0.0 0.00436625 0.016428125
8333.16282112506 0.0 0.00436625 0.016428125
8341.08876105953 0.0 0.00436625 0.01641125
8349.014700993996 0.0 0.00436625 0.01639375
8356.940640928464 0.0 0.00436625 0.01639375
8364.86658086293 0.0 0.00436625 0.01639375
8372.792520797397 0.0 0.00436625 0.01639375
8380.718460731865 0.0 0.00436625 0.01639375
8388.644400666331 0.0 0.00436625 0.01639375
8396.5703406008 0.0 0.00436625 0.01639375
8404.496280535266 0.0 0.00436625 0.01639375
8412.422220469734 0.0 0.00436625 0.01639375
8420.3481604042 0.0 0.00436625 0.01639375
8428.274100338667 0.0 0.00436625 0.01636125
8436.200040273136 0.0 0.00436625 0.01636125
8444.125980207602 0.0 0.00436625 0.01636125
8452.05192014207 0.0 0.00436625 0.01636125
8459.977860076537 0.0 0.00436625 0.01636125
8467.903800011005 0.0 0.00436625 0.01636125
8475.829739945471 0.0 0.00436625 0.01636125
8483.75567987994 0.0 0.00436625 0.01636125
8491.681619814406 0.0 0.00436625 0.01636125
8499.607559748873 0.0 0.00436625 0.01636125
8507.53349968334 0.0 0.00436625 0.01636125
8515.459439617807 0.0 0.00436625 0.01636125
8523.385379552275 0.0 0.00436625 0.01636125
8531.311319486742 0.0 0.00436625 0.01636125
8539.23725942121 0.0 0.00436625 0.01636125
8547.163199355677 0.0 0.00436625 0.01636125
8555.089139290143 0.0 0.00436625 0.01636125
8563.015079224611 0.0 0.00436625 0.01636125
8570.941019159078 0.0 0.00436625 0.016360625
8578.866959093546 0.0 0.00436625 0.0162625
8586.792899028012 0.0 0.00436625 0.01625125
8594.71883896248 0.0 0.00436625 0.016246875
8602.644778896947 0.0 0.00436625 0.016241875
8610.570718831414 0.0 0.00436625 0.016234375
8618.496658765882 0.0 0.00436625 0.01623375
8626.422598700348 0.0 0.00436625 0.01623375
8634.348538634817 0.0 0.00436625 0.016155
8642.274478569283 0.0 0.00436625 0.01610375
8650.200418503751 0.0 0.00436625 0.01609375
8658.126358438218 0.0 0.00436625 0.015981875
8666.052298372686 0.0 0.00436625 0.01594625
8673.978238307152 0.0 0.00436625 0.01592
8681.904178241619 0.0 0.00436625 0.0158925
8689.830118176087 0.0 0.00436625 0.01580375
8697.756058110554 0.0 0.00436625 0.01573625
8705.681998045022 0.0 0.00436625 0.0156525
8713.607937979488 0.0 0.00436625 0.015635625
8721.533877913957 0.0 0.00436625 0.015629375
8729.459817848423 0.0 0.00436625 0.0156275
8737.38575778289 0.0 0.00436625 0.0156275
8745.311697717358 0.0 0.00436625 0.015626875
8753.237637651824 0.0 0.00436625 0.015626875
8761.163577586292 0.0 0.00436625 0.015626875
8769.089517520759 0.0 0.00436625 0.01554
8777.015457455227 0.0 0.00436625 0.01554
8784.941397389694 0.0 0.00436625 0.01552125
8792.86733732416 0.0 0.00436625 0.01550375
8800.793277258628 0.0 0.00436625 0.015438125
8808.719217193095 0.0 0.00436625 0.01537125
8816.645157127563 0.0 0.00436625 0.01529375
8824.57109706203 0.0 0.00436625 0.015258125
8832.497036996498 0.0 0.00436625 0.015243125
8840.422976930964 0.0 0.00436625 0.01523875
8848.348916865432 0.0 0.00436625 0.015236875
8856.274856799899 0.0 0.00436625 0.015234375
8864.200796734365 0.0 0.00436625 0.015068125
8872.126736668833 0.0 0.00436625 0.015050625
8880.0526766033 0.0 0.00436625 0.015035
8887.978616537768 0.0 0.00436625 0.015021875
8895.904556472235 0.0 0.00436625 0.014963125
8903.830496406703 0.0 0.00436625 0.01489375
8911.75643634117 0.0 0.00436625 0.014839375
8919.682376275636 0.0 0.00436625 0.014803125
8927.608316210104 0.0 0.00436625 0.01479
8935.53425614457 0.0 0.00436625 0.014785
8943.460196079039 0.0 0.00436625 0.01473625
8951.386136013505 0.0 0.00436625 0.014735
8959.312075947973 0.0 0.00436625 0.014735
8967.23801588244 0.0 0.00436625 0.014720625
8975.163955816906 0.0 0.00436625 0.014683125
8983.089895751375 0.0 0.00436625 0.014683125
8991.015835685841 0.0 0.00436625 0.014649375
8998.94177562031 0.0 0.00436625 0.014649375
9006.867715554776 0.0 0.00436625 0.014649375
9014.793655489244 0.0 0.00436625 0.014649375
9022.71959542371 0.0 0.00436625 0.014649375
9030.645535358179 0.0 0.00436625 0.0146375
9038.571475292645 0.0 0.00436625 0.0146375
9046.497415227112 0.0 0.00436625 0.0146375
9054.42335516158 0.0 0.00436625 0.0146375
9062.349295096046 0.0 0.00436625 0.0146375
9070.275235030515 0.0 0.00436625 0.01462375
9078.201174964981 0.0 0.00436625 0.014535
9086.12711489945 0.0 0.00436625 0.014535
9094.053054833916 0.0 0.00436625 0.014461875
9101.978994768382 0.0 0.00436625 0.0139775
9109.90493470285 0.0 0.00436625 0.01392875
9117.830874637317 0.0 0.00436625 0.01383375
9125.756814571785 0.0 0.00436625 0.01370875
9133.682754506252 0.0 0.00436625 0.013586875
9141.60869444072 0.0 0.00436625 0.013496875
9149.534634375186 0.0 0.00436625 0.01343375
9157.460574309653 0.0 0.00436625 0.013421875
9165.386514244121 0.0 0.00436625 0.0134075
9173.312454178587 0.0 0.00436625 0.013403125
9181.238394113056 0.0 0.00436625 0.013386875
9189.164334047522 0.0 0.00436625 0.01338625
9197.09027398199 0.0 0.00436625 0.01338625
9205.016213916457 0.0 0.00436625 0.012850625
9212.942153850925 0.0 0.00436625 0.01279625
9220.868093785391 0.0 0.00436625 0.0127925
9228.794033719858 0.0 0.00436625 0.012765
9236.719973654326 0.0 0.00436625 0.012706875
9244.645913588793 0.0 0.00436625 0.01264125
9252.57185352326 0.0 0.00436625 0.01258
9260.497793457727 0.0 0.00436625 0.012553125
9268.423733392196 0.0 0.00436625 0.01253
9276.349673326662 0.0 0.00436625 0.012503125
9284.275613261128 0.0 0.00436625 0.0125
9292.201553195597 0.0 0.00436625 0.0125
9300.127493130063 0.0 0.00436625 0.0125
9308.053433064531 0.0 0.00436625 0.0125
9315.979372998998 0.0 0.00436625 0.0125
9323.905312933466 0.0 0.00436625 0.0125
9331.831252867933 0.0 0.00436625 0.0119875
9339.757192802399 0.0 0.00436625 0.0119875
9347.683132736867 0.0 0.00436625 0.0119875
9355.609072671334 0.0 0.00436625 0.0119875
9363.535012605802 0.0 0.00436625 0.0119875
9371.460952540268 0.0 0.00436625 0.0119875
9379.386892474737 0.0 0.00436625 0.0119875
9387.312832409203 0.0 0.00436625 0.011975625
9395.238772343671 0.0 0.00436625 0.011975625
9403.164712278138 0.0 0.00436625 0.011901875
9411.090652212604 0.0 0.00436625 0.011901875
9419.016592147073 0.0 0.00436625 0.011888125
9426.942532081539 0.0 0.00436625 0.011874375
9434.868472016007 0.0 0.00436625 0.011794375
9442.794411950474 0.0 0.00436625 0.011698125
9450.720351884942 0.0 0.00436625 0.01165
9458.646291819408 0.0 0.00436625 0.011548125
9466.572231753875 0.0 0.00436625 0.011536875
9474.498171688343 0.0 0.00436625 0.011528125
9482.42411162281 0.0 0.00436625 0.011504375
9490.350051557278 0.0 0.00436625 0.0114925
9498.275991491744 0.0 0.00436625 0.0113975
9506.201931426212 0.0 0.00436625 0.011316875
9514.127871360679 0.0 0.00436625 0.011251875
9522.053811295147 0.0 0.00436625 0.01124125
9529.979751229614 0.0 0.00436625 0.011229375
9537.90569116408 0.0 0.00436625 0.011226875
9545.831631098548 0.0 0.00436625 0.0112225
9553.757571033015 0.0 0.00436625 0.011208125
9561.683510967483 0.0 0.00436625 0.011208125
9569.60945090195 0.0 0.00436625 0.011196875
9577.535390836418 0.0 0.00436625 0.011196875
9585.461330770884 0.0 0.00436625 0.011196875
9593.38727070535 0.0 0.00436625 0.010694375
9601.313210639819 0.0 0.00436625 0.010171875
9609.239150574285 0.0 0.00436625 0.0101225
9617.165090508754 0.0 0.00436625 0.010105
9625.09103044322 0.0 0.00436625 0.010105
9633.016970377688 0.0 0.00436625 0.010105
9640.942910312155 0.0 0.00436625 0.01009
9648.868850246621 0.0 0.00436625 0.00999625
9656.79479018109 0.0 0.00436625 0.00999625
9664.720730115556 0.0 0.00436625 0.009984375
9672.646670050024 0.0 0.00436625 0.009969375
9680.57260998449 0.0 0.00436625 0.0099025
9688.498549918959 0.0 0.00436625 0.009825625
9696.424489853425 0.0 0.00436625 0.009775
9704.350429787894 0.0 0.00436625 0.00976
9712.27636972236 0.0 0.00436625 0.009164375
9720.202309656826 0.0 0.00436625 0.009129375
9728.128249591295 0.0 0.00436625 0.009128125
9736.054189525761 0.0 0.00436625 0.00901125
9743.98012946023 0.0 0.00436625 0.008994375
9751.906069394696 0.0 0.00436625 0.00893625
9759.832009329164 0.0 0.00436625 0.008835
9767.75794926363 0.0 0.00436625 0.008725
9775.683889198097 0.0 0.00436625 0.008634375
9783.609829132565 0.0 0.00436625 0.008478125
9791.535769067032 0.0 0.00436625 0.0084425
9799.4617090015 0.0 0.00436625 0.00841875
9807.387648935966 0.0 0.00436625 0.00838625
9815.313588870435 0.0 0.0043025 0.008308125
9823.239528804901 0.0 0.00423375 0.008220625
9831.165468739367 0.0 0.00423375 0.008176875
9839.091408673836 0.0 0.00423375 0.008165625
9847.017348608302 0.0 0.0042025 0.00814125
9854.94328854277 0.0 0.00415 0.008139375
9862.869228477237 0.0 0.00414875 0.008135625
9870.795168411705 0.0 0.0041375 0.00761375
9878.721108346172 0.0 0.004130625 0.007084375
9886.64704828064 0.0 0.004088125 0.006553125
9894.572988215106 0.0 0.00397875 0.006553125
9902.498928149573 0.0 0.00390875 0.006553125
9910.424868084041 0.0 0.00387875 0.006553125
9918.350808018507 0.0 0.00386125 0.006553125
9926.276747952976 0.0 0.00385125 0.00654125
9934.202687887442 0.0 0.00384625 0.006451875
9942.12862782191 0.0 0.003845 0.006451875
9950.054567756377 0.0 0.003845 0.006429375
9957.980507690843 0.0 0.003845 0.006388125
9965.906447625312 0.0 0.003845 0.00632875
9973.832387559778 0.0 0.003845 0.005736875
9981.758327494246 0.0 0.003845 0.00565125
9989.684267428713 0.0 0.003845 0.00562125
9997.610207363181 0.0 0.003845 0.005610625
10005.536147297647 0.0 0.003845 0.005605
10013.462087232114 0.0 0.003845 0.005600625
10021.388027166582 0.0 0.003845 0.005600625
10029.313967101049 0.0 0.003845 0.0056
10037.239907035517 0.0 0.003845 0.005586875
10045.165846969983 0.0 0.003845 0.00556625
10053.091786904452 0.0 0.003845 0.00556625
10061.017726838918 0.0 0.003845 0.00556625
10068.943666773386 0.0 0.003845 0.00556625
10076.869606707853 0.0 0.003845 0.00556625
10084.79554664232 0.0 0.003845 0.00556625
10092.721486576787 0.0 0.003845 0.00556625
10100.647426511254 0.0 0.003845 0.00556625
10108.573366445722 0.0 0.003845 0.0055525
10116.499306380189 0.0 0.003845 0.0055375
10124.425246314657 0.0 0.003845 0.0055375
10132.351186249123 0.0 0.003845 0.0055375
10140.27712618359 0.0 0.003845 0.0055375
10148.203066118058 0.0 0.003845 0.005523125
10156.129006052524 0.0 0.003845 0.005523125
10164.054945986993 0.0 0.003845 0.005523125
10171.980885921459 0.0 0.003845 0.005523125
10179.906825855927 0.0 0.003845 0.005523125
10187.832765790394 0.0 0.003845 0.005079375
10195.75870572486 0.0 0.003845 0.00501
10203.684645659328 0.0 0.003845 0.00501
10211.610585593795 0.0 0.003845 0.004519375
10219.536525528263 0.0 0.003845 0.004460625
10227.46246546273 0.0 0.003845 0.004460625
10235.388405397198 0.0 0.003845 0.004460625
10243.314345331664 0.0 0.003845 0.004460625
10251.240285266133 0.0 0.003845 0.004460625
10259.166225200599 0.0 0.003845 0.004460625
10267.092165135065 0.0 0.003845 0.004460625
10275.018105069534 0.0 0.003845 0.003921875
10282.944045004 0.0 0.003845 0.00390875
10290.869984938468 0.0 0.003845 0.00390875
10298.795924872935 0.0 0.003845 0.00390875
10306.721864807403 0.0 0.003845 0.00390875
10314.64780474187 0.0 0.003845 0.0034025
10322.573744676336 0.0 0.003845 0.003371875
10330.499684610804 0.0 0.003845 0.003371875
10338.42562454527 0.0 0.003845 0.003371875
10346.351564479739 0.0 0.003845 0.003295625
10354.277504414205 0.0 0.003845 0.003295625
10362.203444348674 0.0 0.003845 0.003295625
10370.12938428314 0.0 0.003845 0.00328125
10378.055324217607 0.0 0.003845 0.00326625
10385.981264152075 0.0 0.003845 0.003251875
10393.907204086541 0.0 0.003845 0.0031825
10401.83314402101 0.0 0.003845 0.003088125
10409.759083955476 0.0 0.003845 0.0030425
10417.685023889944 0.0 0.003845 0.00302875
10425.61096382441 0.0 0.003845 0.00301625
10433.536903758879 0.0 0.003845 0.003011875
10441.462843693345 0.0 0.003845 0.002510625
10449.388783627812 0.0 0.003845 0.00247875
10457.31472356228 0.0 0.003845 0.00247875
10465.240663496746 0.0 0.003845 0.00247875
10473.166603431215 0.0 0.003845 0.00247875
10481.092543365681 0.0 0.003845 0.002395625
10489.01848330015 0.0 0.003845 0.002395625
10496.944423234616 0.0 0.003845 0.002395625
10504.870363169082 0.0 0.003845 0.002383125
10512.79630310355 0.0 0.003845 0.00236375
10520.722243038017 0.0 0.003845 0.002306875
10528.648182972485 0.0 0.003845 0.002236875
10536.574122906952 0.0 0.003845 0.002161875
10544.50006284142 0.0 0.003845 0.002139375
10552.426002775886 0.0 0.003845 0.002125
10560.351942710353 0.0 0.003845 0.0021175
10568.277882644821 0.0 0.003845 0.002114375
10576.203822579288 0.0 0.003845 0.002111875
10584.129762513756 0.0 0.003845 0.002111875
10592.055702448222 0.0 0.003845 0.002111875
10599.98164238269 0.0 0.003845 0.002111875
10607.907582317157 0.0 0.003845 0.002111875
10615.833522251625 0.0 0.003845 0.002111875
10623.759462186092 0.0 0.003845 0.002111875
10631.685402120558 0.0 0.003845 0.002111875
10639.611342055026 0.0 0.003845 0.002111875
10647.537281989493 0.0 0.003845 0.002111875
10655.463221923961 0.0 0.003845 0.002111875
10663.389161858428 0.0 0.003845 0.002111875
10671.315101792896 0.0 0.003845 0.002111875
10679.241041727362 0.0 0.003845 0.002111875
10687.166981661829 0.0 0.003845 0.0020975
10695.092921596297 0.0 0.003845 0.0020975
10703.018861530763 0.0 0.003845 0.0020975
10710.944801465232 0.0 0.003845 0.002085
10718.870741399698 0.0 0.003845 0.002085
10726.796681334166 0.0 0.003845 0.002085
10734.722621268633 0.0 0.003845 0.002085
10742.648561203101 0.0 0.003845 0.002085
10750.574501137567 0.0 0.003845 0.002085
10758.500441072034 0.0 0.003845 0.002085
10766.426381006502 0.0 0.003845 0.002085
10774.352320940969 0.0 0.003845 0.002085
10782.278260875437 0.0 0.003845 0.002085
10790.204200809903 0.0 0.003845 0.002085
10798.130140744372 0.0 0.003845 0.002085
10806.056080678838 0.0 0.003845 0.002085
10813.982020613304 0.0 0.003845 0.002085
10821.907960547773 0.0 0.003845 0.002085
10829.83390048224 0.0 0.003845 0.002085
10837.759840416707 0.0 0.003845 0.002085
10845.685780351174 0.0 0.003845 0.002085
10853.611720285642 0.0 0.003845 0.002085
10861.537660220109 0.0 0.003845 0.002085
10869.463600154575 0.0 0.003845 0.002085
10877.389540089043 0.0 0.003845 0.00161875
10885.31548002351 0.0 0.003845 0.001528125
10893.241419957978 0.0 0.003845 0.001528125
10901.167359892444 0.0 0.003845 0.001528125
10909.093299826913 0.0 0.003845 0.001528125
10917.01923976138 0.0 0.003845 0.001528125
10924.945179695847 0.0 0.003845 0.001528125
10932.871119630314 0.0 0.003845 0.001435
10940.79705956478 0.0 0.003845 0.001435
10948.722999499249 0.0 0.003845 0.001435
10956.648939433715 0.0 0.003845 0.0014325
10964.574879368183 0.0 0.003845 0.00140875
10972.50081930265 0.0 0.003845 0.00134625
10980.426759237118 0.0 0.003845 0.001259375
10988.352699171584 0.0 0.003845 0.0012125
10996.27863910605 0.0 0.003845 0.00118125
11004.20457904052 0.0 0.003845 0.001170625
11012.130518974986 0.0 0.003845 0.00116
11020.056458909454 0.0 0.003845 0.001156875
11027.98239884392 0.0 0.003845 0.001156875
11035.908338778388 0.0 0.003845 0.001156875
11043.834278712855 0.0 0.003845 0.001156875
11051.760218647321 0.0 0.003845 0.001156875
11059.68615858179 0.0 0.00383375 0.000665625
11067.612098516256 0.0 0.00381875 0.000605625
11075.538038450724 0.0 0.00381875 0.000605625
11083.46397838519 0.0 0.00381875 0.000605625
11091.389918319659 0.0 0.00381875 0.000605625
11099.315858254125 0.0 0.00381875 0.000605625
11107.241798188594 0.0 0.00381875 0.000605625
11115.16773812306 0.0 0.00381875 0.000605625
11123.093678057527 0.0 0.00381875 0.000605625
11131.019617991995 0.0 0.00381875 0.000605625
11138.945557926461 0.0 0.00381875 0.000605625
11146.87149786093 0.0 0.00381875 0.000605625
11154.797437795396 0.0 0.00381875 0.000605625
11162.723377729864 0.0 0.00381875 0.000605625
11170.64931766433 0.0 0.00381875 0.00059
11178.575257598797 0.0 0.00381875 0.00059
11186.501197533265 0.0 0.00372125 0.00059
11194.427137467732 0.0 0.00369625 0.00059
11202.3530774022 0.0 0.003565625 0.00059
11210.279017336667 0.0 0.003564375 0.00059
11218.204957271135 0.0 0.00354875 0.00059
11226.130897205601 0.0 0.003491875 0.00059
11234.056837140068 0.0 0.003421875 0.00059
11241.982777074536 0.0 0.003341875 0.00059
11249.908717009002 0.0 0.003286875 0.00059
11257.83465694347 0.0 0.00323125 0.00059
11265.760596877937 0.0 0.00321125 0.00059
11273.686536812405 0.0 0.003198125 0.00059
11281.612476746872 0.0 0.003195 0.00059
11289.53841668134 0.0 0.00319375 0.00059
11297.464356615807 0.0 0.00319375 0.00059
11305.390296550273 0.0 0.00319375 0.00059
11313.316236484741 0.0 0.00319375 0.00059
11321.242176419208 0.0 0.00319375 0.00059
11329.168116353676 0.0 0.00319375 0.00059
11337.094056288142 0.0 0.00319375 0.00059
11345.01999622261 0.0 0.00319375 0.00059
11352.945936157077 0.0 0.00319375 0.00059
11360.871876091544 0.0 0.00319375 0.00059
11368.797816026012 0.0 0.00319375 0.00059
11376.723755960478 0.0 0.00319375 0.00059
11384.649695894946 0.0 0.00319375 0.000574375
11392.575635829413 0.0 0.00319375 0.000574375
11400.501575763881 0.0 0.00319375 0.000574375
11408.427515698348 0.0 0.00319375 0.000574375
11416.353455632814 0.0 0.00319375 0.000574375
11424.279395567282 0.0 0.00319375 0.000574375
11432.205335501749 0.0 0.00319375 0.000574375
11440.131275436217 0.0 0.00319375 0.000574375
11448.057215370683 0.0 0.00319375 0.000574375
11455.983155305152 0.0 0.00319375 0.000574375
11463.909095239618 0.0 0.00319375 0.000574375
11471.835035174086 0.0 0.00319375 0.000574375
11479.760975108553 0.0 0.00319375 0.000574375
11487.68691504302 0.0 0.00319375 0.000574375
11495.612854977488 0.0 0.00319375 0.000574375
11503.538794911954 0.0 0.00319375 0.000574375
11511.464734846422 0.0 0.00319375 0.000574375
11519.390674780889 0.0 0.00319375 0.000574375
11527.316614715357 0.0 0.00319375 0.000574375
11535.242554649823 0.0 0.00319375 0.000574375
11543.16849458429 0.0 0.00319375 0.000574375
11551.094434518758 0.0 0.003129375 0.000574375
11559.020374453225 0.0 0.002889375 0.000574375
11566.946314387693 0.0 0.00279 0.000574375
11574.87225432216 0.0 0.00279 0.000574375
11582.798194256628 0.0 0.00279 0.000574375
11590.724134191094 0.0 0.00277875 0.0
11598.65007412556 0.0 0.002716875 0.0
11606.576014060029 0.0 0.002701875 0.0
11614.501953994495 0.0 0.0026525 0.0
11622.427893928963 0.0 0.0025625 0.0
11630.35383386343 0.0 0.002495625 0.0
11638.279773797898 0.0 0.00246625 0.0
11646.205713732365 0.0 0.002440625 0.0
11654.131653666833 0.0 0.0024125 0.0
11662.0575936013 0.0 0.0023975 0.0
11669.983533535766 0.0 0.002393125 0.0
11677.909473470234 0.0 0.00239 0.0
11685.8354134047 0.0 0.002386875 0.0
11693.761353339169 0.0 0.002384375 0.0
11701.687293273635 0.0 0.00238375 0.0
11709.613233208103 0.0 0.00238375 0.0
11717.53917314257 0.0 0.002370625 0.0
11725.465113077036 0.0 0.00232875 0.0
11733.391053011504 0.0 0.002310625 0.0
11741.316992945971 0.0 0.002310625 0.0
11749.24293288044 0.0 0.002310625 0.0
11757.168872814906 0.0 0.002310625 0.0
11765.094812749374 0.0 0.002310625 0.0
11773.02075268384 0.0 0.002310625 0.0
11780.946692618307 0.0 0.002310625 0.0
11788.872632552775 0.0 0.002310625 0.0
11796.798572487241 0.0 0.002310625 0.0
11804.72451242171 0.0 0.002310625 0.0
11812.650452356176 0.0 0.002310625 0.0
11820.576392290644 0.0 0.002310625 0.0
11828.50233222511 0.0 0.002310625 0.0
11836.42827215958 0.0 0.002310625 0.0
11844.354212094046 0.0 0.00230875 0.0
11852.280152028512 0.0 0.0023075 0.0
11860.20609196298 0.0 0.0023075 0.0
11868.132031897447 0.0 0.0023075 0.0
11876.057971831915 0.0 0.0023075 0.0
11883.983911766381 0.0 0.0023075 0.0
11891.90985170085 0.0 0.0023075 0.0
11899.835791635316 0.0 0.0023075 0.0
11907.761731569783 0.0 0.0023075 0.0
11915.68767150425 0.0 0.0023075 0.0
11923.613611438717 0.0 0.0023075 0.0
11931.539551373186 0.0 0.0023075 0.0
11939.465491307652 0.0 0.0023075 0.0
11947.39143124212 0.0 0.0023075 0.0
11955.317371176587 0.0 0.002283125 0.0
11963.243311111055 0.0 0.002176875 0.0
11971.169251045521 0.0 0.0020225 0.0
11979.095190979988 0.0 0.002 0.0
11987.021130914456 0.0 0.001958125 0.0
11994.947070848923 0.0 0.001940625 0.0
12002.87301078339 0.0 0.001910625 0.0
12010.798950717857 0.0 0.001865625 0.0
12018.724890652325 0.0 0.001804375 0.0
12026.650830586792 0.0 0.001761875 0.0
12034.576770521258 0.0 0.001735 0.0
12042.502710455727 0.0 0.001718125 0.0
12050.428650390193 0.0 0.001708125 0.0
12058.354590324661 0.0 0.001705 0.0
12066.280530259128 0.0 0.001703125 0.0
12074.206470193596 0.0 0.001703125 0.0
12082.132410128062 0.0 0.001703125 0.0
12090.058350062529 0.0 0.001703125 0.0
12097.984289996997 0.0 0.001703125 0.0
12105.910229931464 0.0 0.001703125 0.0
12113.836169865932 0.0 0.001703125 0.0
12121.762109800398 0.0 0.001703125 0.0
12129.688049734867 0.0 0.001703125 0.0
12137.613989669333 0.0 0.001703125 0.0
12145.539929603801 0.0 0.001703125 0.0
12153.465869538268 0.0 0.001703125 0.0
12161.391809472734 0.0 0.001703125 0.0
12169.317749407202 0.0 0.001703125 0.0
12177.243689341669 0.0 0.001703125 0.0
12185.169629276137 0.0 0.001703125 0.0
12193.095569210604 0.0 0.001703125 0.0
12201.021509145072 0.0 0.001703125 0.0
12208.947449079538 0.0 0.001703125 0.0
12216.873389014005 0.0 0.001703125 0.0
12224.799328948473 0.0 0.001703125 0.0
12232.72526888294 0.0 0.001703125 0.0
12240.651208817408 0.0 0.001703125 0.0
12248.577148751874 0.0 0.001703125 0.0
12256.503088686342 0.0 0.001703125 0.0
12264.429028620809 0.0 0.001703125 0.0
12272.354968555275 0.0 0.001703125 0.0
12280.280908489744 0.0 0.001703125 0.0
12288.20684842421 0.0 0.001703125 0.0
12296.132788358678 0.0 0.001703125 0.0
12304.058728293145 0.0 0.001703125 0.0
12311.984668227613 0.0 0.001703125 0.0
12319.91060816208 0.0 0.001703125 0.0
12327.836548096548 0.0 0.001703125 0.0
12335.762488031014 0.0 0.001703125 0.0
12343.68842796548 0.0 0.001703125 0.0
12351.614367899949 0.0 0.001703125 0.0
12359.540307834415 0.0 0.001703125 0.0
12367.466247768883 0.0 0.001703125 0.0
12375.39218770335 0.0 0.001703125 0.0
12383.318127637818 0.0 0.001703125 0.0
12391.244067572285 0.0 0.001703125 0.0
12399.170007506751 0.0 0.001703125 0.0
12407.09594744122 0.0 0.001703125 0.0
12415.021887375686 0.0 0.001703125 0.0
12422.947827310154 0.0 0.001703125 0.0
12430.87376724462 0.0 0.001703125 0.0
12438.799707179089 0.0 0.001703125 0.0
12446.725647113555 0.0 0.001703125 0.0
12454.651587048022 0.0 0.001703125 0.0
12462.57752698249 0.0 0.001703125 0.0
12470.503466916956 0.0 0.001703125 0.0
12478.429406851425 0.0 0.001703125 0.0
12486.355346785891 0.0 0.001703125 0.0
12494.28128672036 0.0 0.001703125 0.0
12502.207226654826 0.0 0.001703125 0.0
12510.133166589294 0.0 0.001703125 0.0
12518.05910652376 0.0 0.001703125 0.0
12525.985046458227 0.0 0.001703125 0.0
12533.910986392695 0.0 0.001703125 0.0
12541.836926327162 0.0 0.001703125 0.0
12549.76286626163 0.0 0.001703125 0.0
12557.688806196096 0.0 0.001703125 0.0
12565.614746130565 0.0 0.001703125 0.0
12573.540686065031 0.0 0.001703125 0.0
12581.466625999497 0.0 0.001703125 0.0
12589.392565933966 0.0 0.001703125 0.0
12597.318505868432 0.0 0.001703125 0.0
12605.2444458029 0.0 0.001703125 0.0
12613.170385737367 0.0 0.001703125 0.0
12621.096325671835 0.0 0.001703125 0.0
12629.022265606302 0.0 0.001703125 0.0
12636.948205540768 0.0 0.001703125 0.0
12644.874145475236 0.0 0.001703125 0.0
12652.800085409703 0.0 0.001703125 0.0
12660.726025344171 0.0 0.001703125 0.0
12668.651965278637 0.0 0.001703125 0.0
12676.577905213106 0.0 0.001703125 0.0
12684.503845147572 0.0 0.001703125 0.0
12692.42978508204 0.0 0.001703125 0.0
12700.355725016507 0.0 0.001703125 0.0
12708.281664950973 0.0 0.001703125 0.0
12716.207604885441 0.0 0.001703125 0.0
12724.133544819908 0.0 0.001703125 0.0
12732.059484754376 0.0 0.001703125 0.0
12739.985424688843 0.0 0.001703125 0.0
12747.91136462331 0.0 0.001703125 0.0
12755.837304557777 0.0 0.001703125 0.0
12763.763244492244 0.0 0.001703125 0.0
12771.689184426712 0.0 0.001703125 0.0
12779.615124361178 0.0 0.001703125 0.0
12787.541064295647 0.0 0.001703125 0.0
12795.467004230113 0.0 0.001703125 0.0
12803.392944164581 0.0 0.001703125 0.0
12811.318884099048 0.0 0.001703125 0.0
12819.244824033514 0.0 0.001703125 0.0
12827.170763967983 0.0 0.001703125 0.0
12835.096703902449 0.0 0.001703125 0.0
12843.022643836917 0.0 0.001703125 0.0
12850.948583771384 0.0 0.001703125 0.0
12858.874523705852 0.0 0.001703125 0.0
12866.800463640318 0.0 0.001703125 0.0
12874.726403574787 0.0 0.001703125 0.0
12882.652343509253 0.0 0.001703125 0.0
12890.57828344372 0.0 0.001703125 0.0
12898.504223378188 0.0 0.001703125 0.0
12906.430163312654 0.0 0.001703125 0.0
12914.356103247123 0.0 0.001703125 0.0
12922.282043181589 0.0 0.001703125 0.0
12930.207983116057 0.0 0.001703125 0.0
12938.133923050524 0.0 0.001703125 0.0
12946.05986298499 0.0 0.001703125 0.0
12953.985802919458 0.0 0.001703125 0.0
12961.911742853925 0.0 0.001703125 0.0
12969.837682788393 0.0 0.001703125 0.0
12977.76362272286 0.0 0.001703125 0.0
12985.689562657328 0.0 0.001703125 0.0
12993.615502591794 0.0 0.001703125 0.0
13001.54144252626 0.0 0.001703125 0.0
13009.467382460729 0.0 0.001703125 0.0
13017.393322395195 0.0 0.001703125 0.0
13025.319262329664 0.0 0.001703125 0.0
13033.24520226413 0.0 0.001703125 0.0
13041.171142198598 0.0 0.001703125 0.0
13049.097082133065 0.0 0.001703125 0.0
13057.023022067533 0.0 0.001703125 0.0
13064.948962002 0.0 0.001703125 0.0
13072.874901936466 0.0 0.001703125 0.0
13080.800841870934 0.0 0.001703125 0.0
13088.7267818054 0.0 0.001703125 0.0
13096.652721739869 0.0 0.001703125 0.0
13104.578661674335 0.0 0.001703125 0.0
13112.504601608804 0.0 0.001703125 0.0
13120.43054154327 0.0 0.001703125 0.0
13128.356481477736 0.0 0.001703125 0.0
13136.282421412205 0.0 0.001703125 0.0
13144.208361346671 0.0 0.001703125 0.0
13152.13430128114 0.0 0.001703125 0.0
13160.060241215606 0.0 0.001703125 0.0
13167.986181150074 0.0 0.001703125 0.0
13175.91212108454 0.0 0.001703125 0.0
13183.838061019009 0.0 0.001703125 0.0
13191.764000953475 0.0 0.001703125 0.0
13199.689940887942 0.0 0.001703125 0.0
13207.61588082241 0.0 0.001703125 0.0
13215.541820756876 0.0 0.001703125 0.0
13223.467760691345 0.0 0.001703125 0.0
13231.393700625811 0.0 0.001703125 0.0
13239.31964056028 0.0 0.001703125 0.0
13247.245580494746 0.0 0.001703125 0.0
13255.171520429212 0.0 0.001703125 0.0
13263.09746036368 0.0 0.001703125 0.0
13271.023400298147 0.0 0.001703125 0.0
13278.949340232615 0.0 0.001703125 0.0
13286.875280167082 0.0 0.001703125 0.0
13294.80122010155 0.0 0.001703125 0.0
13302.727160036016 0.0 0.001703125 0.0
13310.653099970483 0.0 0.001703125 0.0
13318.579039904951 0.0 0.001703125 0.0
13326.504979839418 0.0 0.001703125 0.0
13334.430919773886 0.0 0.001703125 0.0
13342.356859708352 0.0 0.001703125 0.0
13350.28279964282 0.0 0.001703125 0.0
13358.208739577287 0.0 0.001703125 0.0
13366.134679511755 0.0 0.001703125 0.0
13374.060619446222 0.0 0.001703125 0.0
13381.986559380688 0.0 0.001703125 0.0
13389.912499315156 0.0 0.001703125 0.0
13397.838439249623 0.0 0.001703125 0.0
13405.764379184091 0.0 0.001703125 0.0
13413.690319118557 0.0 0.001703125 0.0
13421.616259053026 0.0 0.001703125 0.0
13429.542198987492 0.0 0.001703125 0.0
13437.468138921959 0.0 0.001703125 0.0
13445.394078856427 0.0 0.001703125 0.0
13453.320018790893 0.0 0.001703125 0.0
13461.245958725362 0.0 0.001703125 0.0
13469.171898659828 0.0 0.001703125 0.0
13477.097838594296 0.0 0.001703125 0.0
13485.023778528763 0.0 0.001703125 0.0
13492.94971846323 0.0 0.001703125 0.0
13500.875658397697 0.0 0.001703125 0.0
13508.801598332164 0.0 0.001703125 0.0
13516.727538266632 0.0 0.001703125 0.0
13524.653478201099 0.0 0.001703125 0.0
13532.579418135567 0.0 0.001703125 0.0
13540.505358070033 0.0 0.001703125 0.0
13548.431298004502 0.0 0.001703125 0.0
13556.357237938968 0.0 0.001703125 0.0
13564.283177873434 0.0 0.001703125 0.0
13572.209117807903 0.0 0.001703125 0.0
13580.13505774237 0.0 0.001703125 0.0
13588.060997676837 0.0 0.001703125 0.0
13595.986937611304 0.0 0.001703125 0.0
13603.912877545772 0.0 0.001703125 0.0
13611.838817480239 0.0 0.001703125 0.0
13619.764757414705 0.0 0.001703125 0.0
13627.690697349173 0.0 0.001703125 0.0
13635.61663728364 0.0 0.001703125 0.0
13643.542577218108 0.0 0.001703125 0.0
13651.468517152574 0.0 0.001654375 0.0
13659.394457087043 0.0 0.00162125 0.0
13667.320397021509 0.0 0.001568125 0.0
13675.246336955975 0.0 0.001568125 0.0
13683.172276890444 0.0 0.001568125 0.0
13691.09821682491 0.0 0.001568125 0.0
13699.024156759378 0.0 0.001568125 0.0
13706.950096693845 0.0 0.001568125 0.0
13714.876036628313 0.0 0.001568125 0.0
13722.80197656278 0.0 0.001568125 0.0
13730.727916497248 0.0 0.001568125 0.0
13738.653856431714 0.0 0.001568125 0.0
13746.57979636618 0.0 0.001568125 0.0
13754.505736300649 0.0 0.001568125 0.0
13762.431676235115 0.0 0.001568125 0.0
13770.357616169584 0.0 0.001568125 0.0
13778.28355610405 0.0 0.001568125 0.0
13786.209496038518 0.0 0.001568125 0.0
13794.135435972985 0.0 0.001568125 0.0
13802.061375907451 0.0 0.001568125 0.0
13809.98731584192 0.0 0.001568125 0.0
13817.913255776386 0.0 0.001568125 0.0
13825.839195710854 0.0 0.001568125 0.0
13833.76513564532 0.0 0.001568125 0.0
13841.691075579789 0.0 0.001568125 0.0
13849.617015514255 0.0 0.001568125 0.0
13857.542955448722 0.0 0.001568125 0.0
13865.46889538319 0.0 0.001568125 0.0
13873.394835317657 0.0 0.001568125 0.0
13881.320775252125 0.0 0.001568125 0.0
13889.246715186591 0.0 0.001568125 0.0
13897.17265512106 0.0 0.001568125 0.0
13905.098595055526 0.0 0.001568125 0.0
13913.024534989994 0.0 0.001568125 0.0
13920.95047492446 0.0 0.001568125 0.0
13928.876414858927 0.0 0.001568125 0.0
13936.802354793395 0.0 0.001568125 0.0
13944.728294727862 0.0 0.001568125 0.0
13952.65423466233 0.0 0.001568125 0.0
13960.580174596796 0.0 0.001568125 0.0
13968.506114531265 0.0 0.001568125 0.0
13976.432054465731 0.0 0.001568125 0.0
13984.357994400198 0.0 0.001568125 0.0
13992.283934334666 0.0 0.001568125 0.0
14000.209874269132 0.0 0.001568125 0.0
14008.1358142036 0.0 0.001568125 0.0
14016.061754138067 0.0 0.001568125 0.0
14023.987694072535 0.0 0.001568125 0.0
14031.913634007002 0.0 0.001568125 0.0
14039.839573941468 0.0 0.001568125 0.0
14047.765513875936 0.0 0.001568125 0.0
14055.691453810403 0.0 0.001568125 0.0
14063.617393744871 0.0 0.001568125 0.0
14071.543333679338 0.0 0.001568125 0.0
14079.469273613806 0.0 0.001568125 0.0
14087.395213548272 0.0 0.001568125 0.0
14095.32115348274 0.0 0.001568125 0.0
14103.247093417207 0.0 0.001568125 0.0
14111.173033351673 0.0 0.001568125 0.0
14119.098973286142 0.0 0.001568125 0.0
14127.024913220608 0.0 0.001568125 0.0
14134.950853155076 0.0 0.001568125 0.0
14142.876793089543 0.0 0.001568125 0.0
14150.802733024011 0.0 0.001568125 0.0
14158.728672958478 0.0 0.001568125 0.0
14166.654612892944 0.0 0.001568125 0.0
14174.580552827412 0.0 0.001568125 0.0
14182.506492761879 0.0 0.001568125 0.0
14190.432432696347 0.0 0.001568125 0.0
14198.358372630813 0.0 0.001568125 0.0
14206.284312565282 0.0 0.001568125 0.0
14214.210252499748 0.0 0.001568125 0.0
14222.136192434215 0.0 0.001568125 0.0
14230.062132368683 0.0 0.001568125 0.0
14237.98807230315 0.0 0.001568125 0.0
14245.914012237617 0.0 0.001568125 0.0
14253.839952172084 0.0 0.001568125 0.0
14261.765892106552 0.0 0.001568125 0.0
14269.691832041019 0.0 0.001568125 0.0
14277.617771975487 0.0 0.001568125 0.0
14285.543711909953 0.0 0.001568125 0.0
14293.46965184442 0.0 0.001568125 0.0
14301.395591778888 0.0 0.001568125 0.0
14309.321531713354 0.0 0.001568125 0.0
14317.247471647823 0.0 0.001568125 0.0
14325.17341158229 0.0 0.001568125 0.0
14333.099351516757 0.0 0.001568125 0.0
14341.025291451224 0.0 0.001568125 0.0
14348.95123138569 0.0 0.001568125 0.0
14356.877171320159 0.0 0.001568125 0.0
14364.803111254625 0.0 0.001568125 0.0
14372.729051189093 0.0 0.001568125 0.0
14380.65499112356 0.0 0.001568125 0.0
14388.580931058028 0.0 0.001568125 0.0
14396.506870992494 0.0 0.001568125 0.0
14404.432810926963 0.0 0.001568125 0.0
14412.35875086143 0.0 0.001568125 0.0
14420.284690795896 0.0 0.001568125 0.0
14428.210630730364 0.0 0.001568125 0.0
14436.13657066483 0.0 0.001568125 0.0
14444.062510599299 0.0 0.001568125 0.0
14451.988450533765 0.0 0.001568125 0.0
14459.914390468233 0.0 0.001568125 0.0
14467.8403304027 0.0 0.001568125 0.0
14475.766270337166 0.0 0.001568125 0.0
14483.692210271634 0.0 0.001568125 0.0
14491.6181502061 0.0 0.001568125 0.0
14499.54409014057 0.0 0.001568125 0.0
14507.470030075036 0.0 0.001568125 0.0
14515.395970009504 0.0 0.001568125 0.0
14523.32190994397 0.0 0.001568125 0.0
14531.247849878437 0.0 0.001568125 0.0
14539.173789812905 0.0 0.001568125 0.0
14547.099729747371 0.0 0.001568125 0.0
14555.02566968184 0.0 0.001568125 0.0
14562.951609616306 0.0 0.001568125 0.0
14570.877549550774 0.0 0.001568125 0.0
14578.80348948524 0.0 0.001568125 0.0
14586.729429419709 0.0 0.001568125 0.0
14594.655369354175 0.0 0.001568125 0.0
14602.581309288642 0.0 0.001568125 0.0
14610.50724922311 0.0 0.001568125 0.0
14618.433189157577 0.0 0.001568125 0.0
14626.359129092045 0.0 0.001568125 0.0
14634.285069026511 0.0 0.001568125 0.0
14642.21100896098 0.0 0.001568125 0.0
14650.136948895446 0.0 0.001568125 0.0
14658.062888829912 0.0 0.001568125 0.0
14665.98882876438 0.0 0.001568125 0.0
14673.914768698847 0.0 0.001568125 0.0
14681.840708633315 0.0 0.001568125 0.0
14689.766648567782 0.0 0.001568125 0.0
14697.69258850225 0.0 0.001568125 0.0
14705.618528436717 0.0 0.001568125 0.0
14713.544468371183 0.0 0.001568125 0.0
14721.470408305651 0.0 0.001568125 0.0
14729.396348240118 0.0 0.001568125 0.0
14737.322288174586 0.0 0.001568125 0.0
14745.248228109052 0.0 0.001568125 0.0
14753.17416804352 0.0 0.001568125 0.0
14761.100107977987 0.0 0.001568125 0.0
14769.026047912455 0.0 0.001568125 0.0
14776.951987846922 0.0 0.001568125 0.0
14784.877927781388 0.0 0.001568125 0.0
14792.803867715857 0.0 0.001568125 0.0
14800.729807650323 0.0 0.001568125 0.0
14808.655747584791 0.0 0.001568125 0.0
14816.581687519258 0.0 0.001568125 0.0
14824.507627453726 0.0 0.001568125 0.0
14832.433567388192 0.0 0.001568125 0.0
14840.359507322659 0.0 0.001568125 0.0
14848.285447257127 0.0 0.001568125 0.0
14856.211387191594 0.0 0.001568125 0.0
14864.137327126062 0.0 0.001568125 0.0
14872.063267060528 0.0 0.001568125 0.0
14879.989206994996 0.0 0.001568125 0.0
14887.915146929463 0.0 0.001568125 0.0
14895.84108686393 0.0 0.001568125 0.0
14903.767026798398 0.0 0.001568125 0.0
14911.692966732864 0.0 0.001568125 0.0
14919.618906667332 0.0 0.001568125 0.0
14927.544846601799 0.0 0.001568125 0.0
14935.470786536267 0.0 0.001568125 0.0
14943.396726470733 0.0 0.001568125 0.0
14951.322666405202 0.0 0.001568125 0.0
14959.248606339668 0.0 0.001568125 0.0
14967.174546274135 0.0 0.001568125 0.0
14975.100486208603 0.0 0.001568125 0.0
14983.02642614307 0.0 0.001568125 0.0
14990.952366077538 0.0 0.001568125 0.0
14998.878306012004 0.0 0.001568125 0.0
15006.804245946472 0.0 0.001568125 0.0
15014.730185880939 0.0 0.001568125 0.0
15022.656125815405 0.0 0.001568125 0.0
15030.582065749873 0.0 0.001568125 0.0
15038.50800568434 0.0 0.001568125 0.0
15046.433945618808 0.0 0.001568125 0.0
15054.359885553275 0.0 0.001568125 0.0
15062.285825487743 0.0 0.001568125 0.0
15070.21176542221 0.0 0.001568125 0.0
15078.137705356676 0.0 0.001568125 0.0
15086.063645291144 0.0 0.001568125 0.0
15093.98958522561 0.0 0.001568125 0.0
15101.915525160079 0.0 0.001568125 0.0
15109.841465094545 0.0 0.001568125 0.0
15117.767405029013 0.0 0.001568125 0.0
15125.69334496348 0.0 0.001568125 0.0
15133.619284897948 0.0 0.001568125 0.0
15141.545224832415 0.0 0.001568125 0.0
15149.471164766881 0.0 0.001568125 0.0
15157.39710470135 0.0 0.001568125 0.0
15165.323044635816 0.0 0.001568125 0.0
15173.248984570284 0.0 0.001568125 0.0
15181.17492450475 0.0 0.001568125 0.0
15189.100864439219 0.0 0.001568125 0.0
15197.026804373685 0.0 0.001568125 0.0
15204.952744308152 0.0 0.001568125 0.0
15212.87868424262 0.0 0.001568125 0.0
15220.804624177086 0.0 0.001568125 0.0
15228.730564111554 0.0 0.001568125 0.0
15236.656504046021 0.0 0.001568125 0.0
15244.58244398049 0.0 0.001568125 0.0
15252.508383914956 0.0 0.001568125 0.0
15260.434323849422 0.0 0.001568125 0.0
15268.36026378389 0.0 0.001568125 0.0
15276.286203718357 0.0 0.001568125 0.0
15284.212143652825 0.0 0.001568125 0.0
15292.138083587291 0.0 0.001568125 0.0
15300.06402352176 0.0 0.001568125 0.0
15307.989963456226 0.0 0.001568125 0.0
15315.915903390694 0.0 0.001568125 0.0
15323.84184332516 0.0 0.001568125 0.0
15331.767783259627 0.0 0.001568125 0.0
15339.693723194096 0.0 0.001568125 0.0
15347.619663128562 0.0 0.001568125 0.0
15355.54560306303 0.0 0.001568125 0.0
15363.471542997497 0.0 0.001568125 0.0
15371.397482931965 0.0 0.001568125 0.0
15379.323422866431 0.0 0.001568125 0.0
15387.249362800898 0.0 0.001568125 0.0
15395.175302735366 0.0 0.001568125 0.0
15403.101242669833 0.0 0.001568125 0.0
15411.0271826043 0.0 0.001568125 0.0
15418.953122538767 0.0 0.001568125 0.0
15426.879062473236 0.0 0.001568125 0.0
15434.805002407702 0.0 0.001568125 0.0
15442.730942342168 0.0 0.001568125 0.0
15450.656882276637 0.0 0.001568125 0.0
15458.582822211103 0.0 0.001568125 0.0
15466.508762145571 0.0 0.001568125 0.0
15474.434702080038 0.0 0.001568125 0.0
15482.360642014506 0.0 0.001568125 0.0
15490.286581948973 0.0 0.001568125 0.0
15498.21252188344 0.0 0.001568125 0.0
15506.138461817907 0.0 0.001568125 0.0
15514.064401752374 0.0 0.001568125 0.0
15521.990341686842 0.0 0.001568125 0.0
15529.916281621308 0.0 0.001568125 0.0
15537.842221555777 0.0 0.001568125 0.0
15545.768161490243 0.0 0.001568125 0.0
15553.694101424711 0.0 0.001568125 0.0
15561.620041359178 0.0 0.001568125 0.0
15569.545981293644 0.0 0.001568125 0.0
15577.471921228112 0.0 0.001568125 0.0
15585.397861162579 0.0 0.001568125 0.0
15593.323801097047 0.0 0.001568125 0.0
15601.249741031514 0.0 0.001568125 0.0
15609.175680965982 0.0 0.001568125 0.0
15617.101620900448 0.0 0.001568125 0.0
15625.027560834917 0.0 0.001568125 0.0
15632.953500769383 0.0 0.001568125 0.0
15640.87944070385 0.0 0.001568125 0.0
15648.805380638318 0.0 0.001568125 0.0
15656.731320572784 0.0 0.001568125 0.0
15664.657260507252 0.0 0.001568125 0.0
15672.583200441719 0.0 0.001075625 0.0
15680.509140376187 0.0 0.001044375 0.0
15688.435080310654 0.0 0.000494375 0.0
15696.36102024512 0.0 0.000453125 0.0
15704.286960179588 0.0 0.000453125 0.0
15712.212900114055 0.0 0.000453125 0.0
15720.138840048523 0.0 0.00044875 0.0
15728.06477998299 0.0 0.00044625 0.0
15735.990719917458 0.0 0.000439375 0.0
15743.916659851924 0.0 0.000439375 0.0
15751.84259978639 0.0 0.000439375 0.0
15759.768539720859 0.0 0.000439375 0.0
15767.694479655325 0.0 0.00043875 0.0
15775.620419589794 0.0 0.00040875 0.0
15783.54635952426 0.0 0.000374375 0.0
15791.472299458728 0.0 0.000283125 0.0
15799.398239393195 0.0 0.000219375 0.0
15807.324179327663 0.0 0.000120625 0.0
15815.25011926213 0.0 6.25e-05 0.0
15823.176059196596 0.0 2.9375e-05 0.0
15831.101999131064 0.0 1e-05 0.0
15839.02793906553 0.0 3.125e-06 0.0
15846.953878999999 0.0 6.25e-07 0.0
