2.9999499999999983 1.0 1.0 1.0
10.066077254509016 0.620371875 0.676601875 0.70269625
17.132204509018035 0.458599375 0.541250625 0.57732125
24.19833176352705 0.368251875 0.453759375 0.500293125
31.26445901803607 0.31188125 0.39667 0.44482
38.33058627254509 0.261425 0.3469275 0.39699375
45.396713527054104 0.22304 0.308636875 0.3590325
52.46284078156312 0.188715625 0.27385625 0.3259975
59.52896803607214 0.161025 0.245775625 0.29748125
66.59509529058116 0.1356925 0.220380625 0.26936875
73.66122254509018 0.115015 0.199509375 0.248075625
80.7273497995992 0.095921875 0.18073875 0.2280325
87.79347705410821 0.0814925 0.16490625 0.21062375
94.85960430861724 0.067976875 0.14932875 0.1954425
101.92573156312625 0.056125 0.135781875 0.181811875
108.99185881763528 0.04686875 0.124838125 0.16981125
116.05798607214429 0.0391625 0.11564 0.157959375
123.1241133266533 0.034026875 0.108903125 0.149125625
130.19024058116233 0.0297675 0.1030475 0.1406525
137.25636783567137 0.02641 0.09694875 0.1342775
144.32249509018038 0.023323125 0.09160625 0.127046875
151.3886223446894 0.02004875 0.087618125 0.121154375
158.4547495991984 0.01717875 0.083780625 0.116115625
165.52087685370742 0.01500375 0.07951875 0.110770625
172.58700410821643 0.013016875 0.074649375 0.105668125
179.65313136272545 0.011399375 0.070870625 0.101379375
186.71925861723446 0.010096875 0.067953125 0.098325625
193.78538587174347 0.00904125 0.0643425 0.09488375
200.85151312625248 0.00809 0.061473125 0.091093125
207.9176403807615 0.007263125 0.058475 0.088115625
214.98376763527057 0.006585 0.054430625 0.085505
222.04989488977958 0.005946875 0.050421875 0.08294
229.1160221442886 0.005436875 0.048573125 0.080379375
236.1821493987976 0.005086875 0.046820625 0.077815625
243.24827665330662 0.004811875 0.044605 0.075741875
250.31440390781563 0.0046 0.041264375 0.072673125
257.38053116232464 0.004369375 0.038355 0.07057875
264.44665841683366 0.00416875 0.035471875 0.068744375
271.5127856713427 0.003931875 0.033385 0.0669025
278.57891292585174 0.003705 0.030821875 0.064340625
285.64504018036075 0.00354625 0.028886875 0.062873125
292.71116743486976 0.00342375 0.02742625 0.06150625
299.7772946893788 0.00333875 0.025145625 0.06019
306.8434219438878 0.0032875 0.023696875 0.058776875
313.9095491983968 0.0031375 0.021748125 0.057815
320.9756764529058 0.002963125 0.02070625 0.0559925
328.04180370741483 0.0028975 0.019015625 0.05504625
335.10793096192384 0.00283375 0.01820125 0.054068125
342.17405821643285 0.0027725 0.01703375 0.052204375
349.2401854709419 0.00272 0.01628625 0.051003125
356.30631272545094 0.002644375 0.015583125 0.050195625
363.37243997995995 0.00246 0.01502 0.04958375
370.43856723446896 0.002366875 0.0144975 0.04847625
377.504694488978 0.002323125 0.013925 0.047589375
384.570821743487 0.002271875 0.013311875 0.04612875
391.636948997996 0.00219 0.012835625 0.043054375
398.703076252505 0.0021175 0.0118925 0.041968125
405.769203507014 0.00206625 0.01147125 0.04094125
412.83533076152304 0.00198375 0.010345625 0.037130625
419.9014580160321 0.00192 0.009884375 0.03600875
426.9675852705411 0.001849375 0.0094 0.03429
434.03371252505013 0.001780625 0.008916875 0.032494375
441.09983977955915 0.00174375 0.0086175 0.031416875
448.16596703406816 0.001711875 0.0082725 0.0301825
455.2320942885772 0.00169375 0.00798 0.029343125
462.2982215430862 0.001685 0.007451875 0.028548125
469.3643487975952 0.001674375 0.007188125 0.027300625
476.4304760521042 0.001666875 0.006968125 0.025551875
483.4966033066132 0.001665 0.006748125 0.024238125
490.56273056112224 0.001665 0.006530625 0.022955
497.6288578156313 0.001665 0.006280625 0.022045625
504.6949850701403 0.001665 0.006086875 0.021329375
511.76111232464933 0.001665 0.00587625 0.020165625
518.8272395791583 0.001665 0.005641875 0.01865375
525.8933668336673 0.001665 0.005449375 0.01809625
532.9594940881764 0.001665 0.00526375 0.017574375
540.0256213426854 0.001665 0.00500375 0.01644
547.0917485971944 0.001665 0.00479 0.01592625
554.1578758517035 0.001665 0.00468375 0.015551875
561.2240031062124 0.001665 0.004638125 0.0146725
568.2901303607215 0.001665 0.004594375 0.014265625
575.3562576152304 0.001665 0.00447625 0.013929375
582.4223848697395 0.001665 0.00441625 0.013605625
589.4885121242485 0.001665 0.004340625 0.013135
596.5546393787575 0.001665 0.00429625 0.012859375
603.6207666332665 0.001665 0.004244375 0.012206875
610.6868938877756 0.001665 0.0042125 0.01201875
617.7530211422846 0.001665 0.004151875 0.011826875
624.8191483967936 0.001665 0.0040725 0.01058
631.8852756513027 0.001410625 0.004015 0.009085
638.9514029058116 0.0011475 0.003955 0.0086475
646.0175301603207 0.00106125 0.0039 0.008281875
653.0836574148296 0.001030625 0.003864375 0.007964375
660.1497846693387 0.001023125 0.003838125 0.007684375
667.2159119238477 0.00102 0.003814375 0.0069
674.2820391783567 0.001019375 0.00378375 0.006643125
681.3481664328657 0.00101875 0.003756875 0.00645625
688.4142936873748 0.00101875 0.003725 0.006263125
695.4804209418838 0.00101875 0.00369625 0.0060425
702.5465481963928 0.00101875 0.003669375 0.00592625
709.6126754509019 0.00101875 0.00365625 0.00585
716.6788027054108 0.00101875 0.00364125 0.005795
723.7449299599199 0.00101875 0.00362625 0.005761875
730.8110572144288 0.00101875 0.003610625 0.00573625
737.8771844689379 0.00101875 0.003604375 0.005696875
744.9433117234469 0.00101875 0.003513125 0.005601875
752.0094389779559 0.00101875 0.00344875 0.005558125
759.075566232465 0.00101875 0.003390625 0.00554125
766.141693486974 0.00101875 0.003360625 0.005504375
773.207820741483 0.00098 0.003351875 0.005480625
780.273947995992 0.000861875 0.003249375 0.005448125
787.3400752505011 0.000825 0.0032 0.005398125
794.40620250501 0.000805625 0.003103125 0.00534125
801.4723297595191 0.000801875 0.003011875 0.005249375
808.538457014028 0.000799375 0.00299125 0.005195625
815.6045842685371 0.000799375 0.002938125 0.00517875
822.6707115230461 0.000799375 0.002921875 0.00515125
829.7368387775551 0.000799375 0.00290125 0.00513625
836.8029660320642 0.000799375 0.002889375 0.005075625
843.8690932865732 0.000733125 0.0028775 0.005024375
850.9352205410822 0.000683125 0.00284375 0.0049925
858.0013477955912 0.0006625 0.002805 0.0049525
865.0674750501003 0.00065625 0.002785625 0.004926875
872.1336023046092 0.000653125 0.00270625 0.004904375
879.1997295591183 0.0006325 0.0025775 0.0042875
886.2658568136272 0.000534375 0.002520625 0.00417625
893.3319840681363 0.000493125 0.002465625 0.004131875
900.3981113226453 0.000474375 0.002354375 0.004071875
907.4642385771543 0.00039625 0.0021825 0.004033125
914.5303658316634 0.00030125 0.002015 0.00400375
921.5964930861724 0.000215625 0.0018725 0.003984375
928.6626203406814 0.000159375 0.001823125 0.0039725
935.7287475951904 9.625e-05 0.001806875 0.003965
942.7948748496995 5.25e-05 0.001765625 0.0039575
949.8610021042084 2.375e-05 0.001745625 0.003953125
956.9271293587175 1.5625e-05 0.001713125 0.0039525
963.9932566132264 6.875e-06 0.001675 0.003950625
971.0593838677355 3.75e-06 0.00162 0.00348875
978.1255111222445 1.25e-06 0.001575 0.003315625
985.1916383767535 0.0 0.001535625 0.00327125
992.2577656312626 0.0 0.001513125 0.003253125
999.3238928857716 0.0 0.001489375 0.003250625
1006.3900201402806 0.0 0.001473125 0.0032475
1013.4561473947896 0.0 0.00146625 0.003246875
1020.5222746492987 0.0 0.00144375 0.003246875
1027.5884019038076 0.0 0.00138125 0.003246875
1034.6545291583166 0.0 0.00134375 0.003246875
1041.7206564128255 0.0 0.001328125 0.003246875
1048.7867836673345 0.0 0.001325 0.003246875
1055.8529109218437 0.0 0.00132375 0.003246875
1062.9190381763526 0.0 0.001321875 0.003246875
1069.9851654308616 0.0 0.00132125 0.003246875
1077.0512926853708 0.0 0.00131875 0.003246875
1084.1174199398797 0.0 0.0012725 0.003246875
1091.1835471943887 0.0 0.001225 0.003246875
1098.2496744488976 0.0 0.001194375 0.003246875
1105.3158017034068 0.0 0.001184375 0.003246875
1112.3819289579158 0.0 0.001180625 0.003246875
1119.4480562124247 0.0 0.001180625 0.003246875
1126.5141834669337 0.0 0.001180625 0.003228125
1133.5803107214429 0.0 0.001180625 0.00317875
1140.6464379759518 0.0 0.001180625 0.00310625
1147.7125652304608 0.0 0.001180625 0.00306375
1154.77869248497 0.0 0.0011475 0.0030525
1161.844819739479 0.0 0.0010725 0.00304625
1168.9109469939879 0.0 0.001025625 0.003044375
1175.9770742484968 0.0 0.00097875 0.003043125
1183.043201503006 0.0 0.000921875 0.003043125
1190.109328757515 0.0 0.000900625 0.003043125
1197.175456012024 0.0 0.000895625 0.003043125
1204.2415832665329 0.0 0.00089 0.003043125
1211.307710521042 0.0 0.000874375 0.002996875
1218.373837775551 0.0 0.00080625 0.002939375
1225.43996503006 0.0 0.00076625 0.002816875
1232.5060922845691 0.0 0.000726875 0.0025675
1239.572219539078 0.0 0.0006975 0.002474375
1246.638346793587 0.0 0.0005975 0.00244125
1253.704474048096 0.0 0.000515 0.002423125
1260.7706013026052 0.0 0.0004275 0.0023725
1267.8367285571142 0.0 0.000334375 0.002333125
1274.902855811623 0.0 0.000260625 0.002248125
1281.968983066132 0.0 0.000190625 0.00217125
1289.0351103206413 0.0 0.000113125 0.0020925
1296.1012375751502 0.0 6.0625e-05 0.002010625
1303.1673648296592 0.0 2.9375e-05 0.001950625
1310.2334920841683 0.0 1.375e-05 0.00190875
1317.2996193386773 0.0 5.625e-06 0.001878125
1324.3657465931863 0.0 2.5e-06 0.001865625
1331.4318738476952 0.0 0.0 0.001859375
1338.4980011022044 0.0 0.0 0.00185625
1345.5641283567134 0.0 0.0 0.001855625
1352.6302556112223 0.0 0.0 0.001855625
1359.6963828657313 0.0 0.0 0.001855625
1366.7625101202404 0.0 0.0 0.001855625
1373.8286373747494 0.0 0.0 0.001855625
1380.8947646292584 0.0 0.0 0.001855625
1387.9608918837675 0.0 0.0 0.001855625
1395.0270191382765 0.0 0.0 0.001855625
1402.0931463927855 0.0 0.0 0.001855625
1409.1592736472944 0.0 0.0 0.001855625
1416.2254009018036 0.0 0.0 0.001855625
1423.2915281563126 0.0 0.0 0.001855625
1430.3576554108215 0.0 0.0 0.001855625
1437.4237826653307 0.0 0.0 0.001855625
1444.4899099198396 0.0 0.0 0.001855625
1451.5560371743486 0.0 0.0 0.001855625
1458.6221644288576 0.0 0.0 0.001855625
1465.6882916833667 0.0 0.0 0.001855625
1472.7544189378757 0.0 0.0 0.001855625
1479.8205461923847 0.0 0.0 0.001855625
1486.8866734468936 0.0 0.0 0.001855625
1493.9528007014028 0.0 0.0 0.001855625
1501.0189279559117 0.0 0.0 0.001855625
1508.0850552104207 0.0 0.0 0.001855625
1515.15118246493 0.0 0.0 0.001855625
1522.2173097194388 0.0 0.0 0.001855625
1529.2834369739478 0.0 0.0 0.001855625
1536.3495642284568 0.0 0.0 0.001855625
1543.415691482966 0.0 0.0 0.001855625
1550.481818737475 0.0 0.0 0.001855625
1557.5479459919839 0.0 0.0 0.001855625
1564.6140732464928 0.0 0.0 0.001855625
1571.680200501002 0.0 0.0 0.001855625
1578.746327755511 0.0 0.0 0.001855625
1585.81245501002 0.0 0.0 0.001855625
1592.878582264529 0.0 0.0 0.001855625
1599.944709519038 0.0 0.0 0.001855625
1607.010836773547 0.0 0.0 0.001855
1614.076964028056 0.0 0.0 0.001834375
1621.1430912825651 0.0 0.0 0.001753125
1628.209218537074 0.0 0.0 0.001703125
1635.275345791583 0.0 0.0 0.0016975
1642.341473046092 0.0 0.0 0.001695625
1649.4076003006012 0.0 0.0 0.001694375
1656.4737275551101 0.0 0.0 0.00169375
1663.539854809619 0.0 0.0 0.001693125
1670.6059820641283 0.0 0.0 0.001693125
1677.6721093186372 0.0 0.0 0.001693125
1684.7382365731462 0.0 0.0 0.001693125
1691.8043638276552 0.0 0.0 0.001693125
1698.8704910821643 0.0 0.0 0.001693125
1705.9366183366733 0.0 0.0 0.001693125
1713.0027455911822 0.0 0.0 0.001693125
1720.0688728456912 0.0 0.0 0.001693125
1727.1350001002004 0.0 0.0 0.001693125
1734.2011273547093 0.0 0.0 0.001693125
1741.2672546092183 0.0 0.0 0.001693125
1748.3333818637275 0.0 0.0 0.001693125
1755.3995091182364 0.0 0.0 0.001693125
1762.4656363727454 0.0 0.0 0.001693125
1769.5317636272543 0.0 0.0 0.001693125
1776.5978908817635 0.0 0.0 0.001693125
1783.6640181362725 0.0 0.0 0.001693125
1790.7301453907814 0.0 0.0 0.001670625
1797.7962726452904 0.0 0.0 0.001614375
1804.8623998997996 0.0 0.0 0.001581875
1811.9285271543085 0.0 0.0 0.0015725
1818.9946544088175 0.0 0.0 0.0015675
1826.0607816633267 0.0 0.0 0.0015675
1833.1269089178356 0.0 0.0 0.0015675
1840.1930361723446 0.0 0.0 0.001566875
1847.2591634268535 0.0 0.0 0.001566875
1854.3252906813627 0.0 0.0 0.001566875
1861.3914179358717 0.0 0.0 0.001566875
1868.4575451903806 0.0 0.0 0.001566875
1875.5236724448896 0.0 0.0 0.00156125
1882.5897996993988 0.0 0.0 0.00152
1889.6559269539077 0.0 0.0 0.001499375
1896.7220542084167 0.0 0.0 0.001490625
1903.7881814629259 0.0 0.0 0.001488125
1910.8543087174348 0.0 0.0 0.0014875
1917.9204359719438 0.0 0.0 0.001484375
1924.9865632264527 0.0 0.0 0.00146125
1932.052690480962 0.0 0.0 0.00145
1939.1188177354709 0.0 0.0 0.001443125
1946.1849449899798 0.0 0.0 0.001441875
1953.2510722444888 0.0 0.0 0.001425625
1960.317199498998 0.0 0.0 0.00138875
1967.383326753507 0.0 0.0 0.001383125
1974.449454008016 0.0 0.0 0.001363125
1981.515581262525 0.0 0.0 0.001315
1988.581708517034 0.0 0.0 0.001281875
1995.647835771543 0.0 0.0 0.00125875
2002.713963026052 0.0 0.0 0.0012275
2009.7800902805611 0.0 0.0 0.001195625
2016.84621753507 0.0 0.0 0.001175625
2023.912344789579 0.0 0.0 0.001153125
2030.978472044088 0.0 0.0 0.001145
2038.0445992985972 0.0 0.0 0.0011425
2045.1107265531061 0.0 0.0 0.00114125
2052.1768538076153 0.0 0.0 0.00109875
2059.2429810621243 0.0 0.0 0.000960625
2066.3091083166332 0.0 0.0 0.000906875
2073.375235571142 0.0 0.0 0.0008875
2080.441362825651 0.0 0.0 0.000884375
2087.50749008016 0.0 0.0 0.000883125
2094.573617334669 0.0 0.0 0.000880625
2101.6397445891785 0.0 0.0 0.000880625
2108.7058718436874 0.0 0.0 0.000880625
2115.7719990981964 0.0 0.0 0.000880625
2122.8381263527053 0.0 0.0 0.000880625
2129.9042536072143 0.0 0.0 0.000880625
2136.9703808617232 0.0 0.0 0.000880625
2144.036508116232 0.0 0.0 0.000880625
2151.1026353707416 0.0 0.0 0.000880625
2158.1687626252506 0.0 0.0 0.000880625
2165.2348898797595 0.0 0.0 0.000880625
2172.3010171342685 0.0 0.0 0.000880625
2179.3671443887774 0.0 0.0 0.000880625
2186.4332716432864 0.0 0.0 0.000880625
2193.4993988977953 0.0 0.0 0.000880625
2200.5655261523048 0.0 0.0 0.000880625
2207.6316534068137 0.0 0.0 0.000880625
2214.6977806613227 0.0 0.0 0.000880625
2221.7639079158316 0.0 0.0 0.000880625
2228.8300351703406 0.0 0.0 0.000880625
2235.8961624248495 0.0 0.0 0.000880625
2242.9622896793585 0.0 0.0 0.000880625
2250.0284169338674 0.0 0.0 0.000880625
2257.094544188377 0.0 0.0 0.000880625
2264.160671442886 0.0 0.0 0.000880625
2271.2267986973948 0.0 0.0 0.000880625
2278.2929259519037 0.0 0.0 0.000880625
2285.3590532064127 0.0 0.0 0.000880625
2292.4251804609216 0.0 0.0 0.000880625
2299.4913077154306 0.0 0.0 0.000880625
2306.55743496994 0.0 0.0 0.000880625
2313.623562224449 0.0 0.0 0.000880625
2320.689689478958 0.0 0.0 0.000880625
2327.755816733467 0.0 0.0 0.000880625
2334.821943987976 0.0 0.0 0.000880625
2341.888071242485 0.0 0.0 0.000880625
2348.9541984969937 0.0 0.0 0.000880625
2356.020325751503 0.0 0.0 0.000880625
2363.086453006012 0.0 0.0 0.000880625
2370.152580260521 0.0 0.0 0.000880625
2377.21870751503 0.0 0.0 0.000880625
2384.284834769539 0.0 0.0 0.000880625
2391.350962024048 0.0 0.0 0.000880625
2398.417089278557 0.0 0.0 0.000880625
2405.483216533066 0.0 0.0 0.000880625
2412.5493437875753 0.0 0.0 0.000880625
2419.615471042084 0.0 0.0 0.000880625
2426.681598296593 0.0 0.0 0.000880625
2433.747725551102 0.0 0.0 0.000880625
2440.813852805611 0.0 0.0 0.000880625
2447.87998006012 0.0 0.0 0.000880625
2454.946107314629 0.0 0.0 0.000880625
2462.0122345691384 0.0 0.0 0.000880625
2469.0783618236474 0.0 0.0 0.000880625
2476.1444890781563 0.0 0.0 0.000880625
2483.2106163326653 0.0 0.0 0.000880625
2490.276743587174 0.0 0.0 0.000880625
2497.342870841683 0.0 0.0 0.000880625
2504.408998096192 0.0 0.0 0.000880625
2511.4751253507015 0.0 0.0 0.000880625
2518.5412526052105 0.0 0.0 0.000880625
2525.6073798597195 0.0 0.0 0.000880625
2532.6735071142284 0.0 0.0 0.000880625
2539.7396343687374 0.0 0.0 0.000880625
2546.8057616232463 0.0 0.0 0.000880625
2553.8718888777553 0.0 0.0 0.000880625
2560.9380161322642 0.0 0.0 0.000880625
2568.0041433867736 0.0 0.0 0.000880625
2575.0702706412826 0.0 0.0 0.000880625
2582.1363978957916 0.0 0.0 0.000880625
2589.2025251503005 0.0 0.0 0.000880625
2596.2686524048095 0.0 0.0 0.000880625
2603.3347796593184 0.0 0.0 0.000880625
2610.4009069138274 0.0 0.0 0.000880625
2617.467034168337 0.0 0.0 0.000880625
2624.5331614228458 0.0 0.0 0.000880625
2631.5992886773547 0.0 0.0 0.000880625
2638.6654159318637 0.0 0.0 0.000880625
2645.7315431863726 0.0 0.0 0.000880625
2652.7976704408816 0.0 0.0 0.000880625
2659.8637976953905 0.0 0.0 0.000880625
2666.9299249499 0.0 0.0 0.000880625
2673.996052204409 0.0 0.0 0.000880625
2681.062179458918 0.0 0.0 0.000880625
2688.128306713427 0.0 0.0 0.000880625
2695.1944339679358 0.0 0.0 0.000880625
2702.2605612224447 0.0 0.0 0.000880625
2709.3266884769537 0.0 0.0 0.000880625
2716.3928157314626 0.0 0.0 0.000880625
2723.458942985972 0.0 0.0 0.000880625
2730.525070240481 0.0 0.0 0.000880625
2737.59119749499 0.0 0.0 0.000880625
2744.657324749499 0.0 0.0 0.000880625
2751.723452004008 0.0 0.0 0.000880625
2758.789579258517 0.0 0.0 0.000880625
2765.855706513026 0.0 0.0 0.000880625
2772.921833767535 0.0 0.0 0.00075
2779.987961022044 0.0 0.0 0.0006975
2787.054088276553 0.0 0.0 0.0006825
2794.120215531062 0.0 0.0 0.00067375
2801.186342785571 0.0 0.0 0.0006725
2808.25247004008 0.0 0.0 0.000671875
2815.318597294589 0.0 0.0 0.000671875
2822.3847245490983 0.0 0.0 0.000671875
2829.4508518036073 0.0 0.0 0.000671875
2836.5169790581162 0.0 0.0 0.000671875
2843.583106312625 0.0 0.0 0.000671875
2850.649233567134 0.0 0.0 0.000671875
2857.715360821643 0.0 0.0 0.000671875
2864.781488076152 0.0 0.0 0.000671875
2871.8476153306615 0.0 0.0 0.000671875
2878.9137425851704 0.0 0.0 0.000671875
2885.9798698396794 0.0 0.0 0.000671875
2893.0459970941884 0.0 0.0 0.000671875
2900.1121243486973 0.0 0.0 0.000671875
2907.1782516032063 0.0 0.0 0.000671875
2914.244378857715 0.0 0.0 0.000671875
2921.310506112224 0.0 0.0 0.000671875
2928.3766333667336 0.0 0.0 0.000671875
2935.4427606212425 0.0 0.0 0.000671875
2942.5088878757515 0.0 0.0 0.000671875
2949.5750151302605 0.0 0.0 0.000671875
2956.6411423847694 0.0 0.0 0.000671875
2963.7072696392784 0.0 0.0 0.000671875
2970.7733968937873 0.0 0.0 0.000671875
2977.8395241482967 0.0 0.0 0.000671875
2984.9056514028057 0.0 0.0 0.000671875
2991.9717786573146 0.0 0.0 0.000671875
2999.0379059118236 0.0 0.0 0.000671875
3006.1040331663326 0.0 0.0 0.000671875
3013.1701604208415 0.0 0.0 0.000671875
3020.2362876753505 0.0 0.0 0.000671875
3027.30241492986 0.0 0.0 0.000671875
3034.368542184369 0.0 0.0 0.000671875
3041.434669438878 0.0 0.0 0.000671875
3048.5007966933867 0.0 0.0 0.000671875
3055.5669239478957 0.0 0.0 0.000671875
3062.6330512024047 0.0 0.0 0.000671875
3069.6991784569136 0.0 0.0 0.000671875
3076.7653057114226 0.0 0.0 0.000671875
3083.831432965932 0.0 0.0 0.000671875
3090.897560220441 0.0 0.0 0.00066375
3097.96368747495 0.0 0.0 0.000591875
3105.029814729459 0.0 0.0 0.000564375
3112.095941983968 0.0 0.0 0.000554375
3119.1620692384768 0.0 0.0 0.000549375
3126.2281964929857 0.0 0.0 0.000546875
3133.294323747495 0.0 0.0 0.000546875
3140.360451002004 0.0 0.0 0.000546875
3147.426578256513 0.0 0.0 0.000546875
3154.492705511022 0.0 0.0 0.000546875
3161.558832765531 0.0 0.0 0.000546875
3168.62496002004 0.0 0.0 0.000546875
3175.691087274549 0.0 0.0 0.000546875
3182.7572145290583 0.0 0.0 0.000546875
3189.8233417835672 0.0 0.0 0.000546875
3196.889469038076 0.0 0.0 0.000546875
3203.955596292585 0.0 0.0 0.000546875
3211.021723547094 0.0 0.0 0.000546875
3218.087850801603 0.0 0.0 0.000546875
3225.153978056112 0.0 0.0 0.000546875
3232.220105310621 0.0 0.0 0.000546875
3239.2862325651304 0.0 0.0 0.000546875
3246.3523598196393 0.0 0.0 0.000546875
3253.4184870741483 0.0 0.0 0.000546875
3260.4846143286572 0.0 0.0 0.000546875
3267.550741583166 0.0 0.0 0.0004925
3274.616868837675 0.0 0.0 0.0004625
3281.682996092184 0.0 0.0 0.00045
3288.7491233466935 0.0 0.0 0.00044625
3295.8152506012025 0.0 0.0 0.0004425
3302.8813778557114 0.0 0.0 0.000441875
3309.9475051102204 0.0 0.0 0.000441875
3317.0136323647293 0.0 0.0 0.000441875
3324.0797596192383 0.0 0.0 0.000441875
3331.1458868737473 0.0 0.0 0.000441875
3338.2120141282567 0.0 0.0 0.000441875
3345.2781413827656 0.0 0.0 0.000441875
3352.3442686372746 0.0 0.0 0.000441875
3359.4103958917835 0.0 0.0 0.000418125
3366.4765231462925 0.0 0.0 0.000388125
3373.5426504008014 0.0 0.0 0.000380625
3380.6087776553104 0.0 0.0 0.000379375
3387.6749049098194 0.0 0.0 0.00037625
3394.7410321643288 0.0 0.0 0.000375625
3401.8071594188377 0.0 0.0 0.000375625
3408.8732866733467 0.0 0.0 0.000375625
3415.9394139278556 0.0 0.0 0.00034875
3423.0055411823646 0.0 0.0 0.000315
3430.0716684368736 0.0 0.0 0.000295625
3437.1377956913825 0.0 0.0 0.000285625
3444.203922945892 0.0 0.0 0.00027625
3451.270050200401 0.0 0.0 0.00026875
3458.33617745491 0.0 0.0 0.0002375
3465.402304709419 0.0 0.0 0.00020125
3472.4684319639277 0.0 0.0 0.000160625
3479.5345592184367 0.0 0.0 0.000124375
3486.6006864729457 0.0 0.0 9.0625e-05
3493.666813727455 0.0 0.0 5.6875e-05
3500.732940981964 0.0 0.0 2.8125e-05
3507.799068236473 0.0 0.0 1.75e-05
3514.865195490982 0.0 0.0 7.5e-06
3521.931322745491 0.0 0.0 1.25e-06
3528.99745 0.0 0.0 6.25e-07
